0.0763779 0.165529 0.0157794 0.11888 0.00294035 0.348903 0.0324202 0.015791 0.165563 0.057816 
0.183502 0.0190725 0.251508 0.00965102 0.00223785 0.360662 0.0114607 0.0069762 0.14513 0.00979959 
0.105309 0.0566346 0.0318641 0.331679 0.0690826 0.0878122 0.12054 0.092302 0.0829593 0.0218173 
0.0826815 0.253068 0.0567056 0.0871292 0.0358639 0.194898 0.0858003 0.0399539 0.105907 0.0579932 
0.0724805 0.0594772 0.0396625 0.535934 0.0996592 0.0442936 0.106355 0.0244246 0.0177119 1.63868e-06 
0.272034 0.0786891 0.0713189 0.0518153 0.0416997 0.292455 0.0164339 0.0465581 0.0455359 0.0834606 
0.443135 0.029811 0.0595784 3.57213e-06 4.80143e-06 0.0319273 0.347765 0.0298831 1.46941e-09 0.0578915 
0.0440114 0.123042 0.0587178 0.159102 7.16014e-07 0.399535 0.0820862 0.07897 0.0461904 0.00834487 
-nan -nan -nan -nan -nan -nan -nan -nan -nan -nan 
0.0456718 0.0170816 0.0126241 0.534833 0.0193485 0.0171611 0.205644 0.0482776 0.0802049 0.0191529 
0.0707125 0.363441 0.00409701 0.0415397 0.0260682 0.389972 0.00249371 0.00623159 0.0771139 0.0183308 
0.000102686 9.72042e-05 0.000349442 0.00129631 0.000295768 0.000713782 0.996384 0.00036955 0.000315528 7.60563e-05 
0.0383229 0.354938 0.00564578 0.13504 0.00790574 0.276179 0.15304 0.0031323 0.0253942 0.00040275 
0.13952 0.048608 0.0893656 0.0934796 0.0189671 0.0356088 0.0876126 0.0508787 0.210842 0.225118 
0.455818 0.0140424 0.0336263 0.0643436 0.0277666 0.0359067 0.016394 0.0552917 0.109547 0.187264 
0.120673 0.176554 0.0365719 0.0820412 0.0362317 0.412308 0.0212706 0.00151719 0.0935123 0.0193201 
0.0483157 0.0113708 0.0145487 0.264318 0.00808609 0.229269 0.378727 0.00585883 0.0356491 0.00385779 
0.0214154 0.0274042 6.74722e-06 0.881074 5.71085e-06 1.37821e-05 0.070066 7.13548e-06 6.0924e-06 1.46854e-06 
0.156099 0.0475666 0.0998695 0.0662822 0.0348845 0.163289 0.127112 0.0263625 0.221933 0.0566006 
0.370178 0.049123 0.0277781 0.0322531 0.0147305 0.315794 0.035578 0.0158346 0.113065 0.0256665 
0.101949 0.705881 0.00454986 0.164031 7.61521e-06 0.0138535 0.00818058 0.00153623 1.02204e-05 2.13197e-06 
0.108774 0.0735672 0.0117872 0.30606 0.0843441 0.184992 0.0808266 0.0347942 0.106419 0.00843563 
0.472935 0.0589796 0.0155443 0.110841 0.0265802 0.155813 0.0202401 0.0436032 0.0714063 0.0240565 
0.177707 0.0411874 0.156967 0.125919 0.0246085 0.216425 0.0707029 0.052314 0.0719786 0.0621902 
0.0495436 0.369583 0.0060463 0.260346 0.00801551 0.11043 0.0152356 0.00196611 0.15219 0.0266434 
0.129764 0.0311596 0.0444694 0.223856 3.52453e-06 0.421306 0.103804 0.0356953 0.00406107 0.00588064 
0.122365 0.377335 0.0120909 0.071415 0.00211804 0.34783 0.00976765 0.000401137 0.0444983 0.0121798 
0.15469 0.0627566 0.0059187 0.0301263 0.00104661 0.118123 0.115955 0.0298761 0.271488 0.21002 
1.43811e-06 1.57183e-06 2.46988e-06 0.721607 3.0554e-06 0.186427 0.0826431 0.00930995 4.52469e-06 5.89312e-07 
0.0512334 0.456982 5.42708e-05 0.146942 7.6981e-07 0.0488268 0.204303 0.0114479 0.0781994 0.00201057 
0.0980892 0.218676 0.492173 0.00942015 0.00141254 0.0219586 0.0922803 0.0290836 0.025538 0.0113679 
0.00450355 0.0705524 5.16949e-06 0.0965329 0.0188148 0.061821 0.72145 0.0225597 0.00325664 0.000504246 
0.460933 0.18864 0.00111575 0.0549247 5.2713e-06 0.0599955 0.143155 0.0142414 0.0680124 0.00897646 
0.0148136 0.391736 0.00395815 0.0432924 0.0155977 0.358786 0.0157264 0.0367111 0.0613829 0.057996 
0.0392926 0.0412476 0.00438872 0.0769019 0.753923 0.0107878 0.0107829 0.053795 0.00858646 0.000294054 
-nan -nan -nan -nan -nan -nan -nan -nan -nan -nan 
0.0435637 0.16146 0.00787014 0.385588 0.00870847 0.0626772 0.210532 0.0557845 0.0581945 0.00562231 
0.0709704 0.0799226 0.0732908 0.128645 0.0133473 0.0948293 0.409908 0.00961798 0.107696 0.0117725 
0.135593 0.067312 0.122152 0.141686 0.0441218 0.0737674 0.241771 0.0822154 0.0621461 0.0292343 
0.0964601 0.0621823 0.0501008 0.214823 0.0312641 0.370576 0.0366667 0.0637866 0.0661354 0.00800465 
0.0625672 0.138195 0.0231464 0.296796 0.0276066 0.243811 0.132144 0.00918354 0.0513302 0.0152188 
0.00663146 0.0147348 0.00670405 0.681976 0.0223773 0.237759 0.00992444 0.00861259 0.0104229 0.000858026 
0.0655052 0.0825467 0.033769 0.146281 0.0455656 0.404924 0.0161303 0.0850441 0.104826 0.0154078 
0.550655 0.0309481 0.000268234 0.00274884 0.00135858 0.368335 0.00889352 0.01746 0.0174281 0.00190467 
0.0471525 0.258895 0.00720487 0.0969195 0.0172574 0.442373 0.0368996 0.0232784 0.0594379 0.0105817 
0.0602522 0.0190311 0.00921174 0.108265 0.00687527 0.106329 0.181477 0.0713 0.423049 0.0142102 
0.0507725 0.00972237 0.0234685 0.242344 0.00219633 0.584861 0.0352456 0.0384056 0.0100034 0.00297987 
0.259912 0.0463943 0.0507492 0.015137 0.2359 0.283527 0.0268879 0.0160591 0.0339672 0.0314664 
0.128707 0.218818 0.0193091 0.099054 0.0124492 0.0771544 0.0696842 0.0476299 0.318466 0.00872819 
0.643483 0.00434178 0.0199852 0.07604 0.0440929 0.0295039 0.0168065 0.019711 0.136135 0.00990063 
0.161013 0.358726 0.0220029 0.0426068 0.0053768 0.250254 0.093738 0.00877839 0.0253777 0.0321259 
1.94996e-05 0.435054 0.0920986 0.106272 0.0115173 0.355004 1.35357e-05 5.12556e-07 9.77352e-06 1.09631e-05 
0.126866 0.741712 0.00396314 0.082318 0.00266238 0.0127351 0.0146677 0.0126454 0.00243025 4.45619e-07 
0.0228574 0.0356957 0.233306 0.0383015 0.00355184 0.423718 0.16209 0.00113679 0.0707536 0.00859016 
0.114764 0.207672 0.0280891 0.0422975 0.0750539 0.426194 0.0117749 0.0393513 0.0216597 0.0331435 
0.0432299 0.16895 9.82082e-06 0.567753 0.0294667 0.0903764 0.0550126 0.0157234 9.82208e-06 0.0294684 
0.0590857 0.0584257 0.167105 0.415286 0.01288 0.163731 0.0528318 1.43675e-06 0.0588837 0.0117689 
0.0466944 0.507985 0.00546514 0.116205 0.00956215 0.148519 0.0109978 0.0424527 0.0875628 0.0245556 
0.0165652 0.184698 0.0237482 0.0545408 0.694261 0.00134982 0.000771965 0.0220155 0.000883057 0.00116647 
0.10361 0.0541422 0.0024419 0.108684 0.414702 0.115451 0.00376025 0.116196 0.00427403 0.0767386 
0.132785 0.0101615 0.190117 0.0412854 0.031549 0.372964 0.0407073 0.0212625 0.132713 0.0264556 
0.0426113 0.00898967 0.000695286 0.108871 0.771931 0.0192353 0.0180321 0.015705 0.00681155 0.00711752 
0.147321 0.0507835 0.032962 0.0313666 0.0206652 0.394148 0.0343961 0.0916275 0.174569 0.0221614 
0.14314 0.0791963 0.017728 0.0668853 0.0101686 0.0897681 0.0295141 0.0533726 0.501748 0.00847889 
0.138401 0.564178 0.0413157 0.0544474 0.125046 0.00870329 0.0211774 0.0417787 0.00477179 0.000181692 
0.0392905 0.0237247 0.0501633 0.425063 0.0267569 0.211488 0.0811344 0.0569649 0.0776548 0.00775971 
0.0785369 0.038988 0.0169807 0.323038 0.175373 0.106208 0.0626046 0.0914939 0.102916 0.00386141 
0.155795 0.337831 2.57204e-11 0.0500714 7.33773e-07 0.200897 0.00943791 0.187919 0.0580483 3.61846e-11 
0.0392905 0.0237247 0.0501633 0.425063 0.0267569 0.211488 0.0811344 0.0569649 0.0776548 0.00775971 
0.225777 0.0440518 0.0461577 2.33356e-06 0.380012 0.205324 0.0584574 2.75478e-06 0.0402126 3.0107e-06 
0.427257 0.0701749 0.0128002 0.160926 0.035996 0.197811 0.0070062 0.0198545 0.0277628 0.0404114 
0.109578 0.0368258 0.021634 0.12603 0.0749502 0.0703245 0.226413 0.0557339 0.272234 0.00627683 
0.127901 0.0146723 0.0309072 0.151747 0.0424256 0.0274171 0.346288 0.0601022 0.174637 0.0239019 
0.0339146 0.00574652 0.0206309 0.646229 0.033348 0.0182596 0.109771 0.0218929 0.110207 3.95991e-07 
0.0877616 0.0302931 0.102454 0.0988662 0.0130902 0.189628 0.105183 0.0295977 0.338343 0.00478361 
0.198462 0.0146323 0.00739877 0.152965 0.0369441 0.00977024 0.00154202 0.175336 0.309995 0.0929547 
0.0273883 0.0370807 0.0580828 0.651678 0.0392932 0.107425 0.0298119 0.0237552 0.0187922 0.00669317 
0.452348 0.0715657 0.0320619 0.156119 0.00453496 0.10962 0.0271441 0.0784361 0.0510525 0.0171181 
0.0974002 0.0108437 0.0194811 0.201164 0.182643 0.305022 0.0997942 0.00859055 0.0750609 1.25704e-07 
0.732001 0.0159946 0.0199372 0.0407886 0.000137592 0.0499585 0.00732793 0.0129105 0.119728 0.00121698 
0.131063 0.0981813 0.0273915 0.041642 1.09541e-06 0.367532 0.226381 0.0436075 0.0149034 0.0492975 
0.0399515 0.0964299 0.0264156 0.514959 0.00106524 0.0912986 0.0902396 0.0149487 0.121398 0.00329382 
0.0563082 0.0781241 8.66691e-06 0.137103 0.0841377 0.438752 0.0932056 0.0368001 7.59279e-06 0.0755526 
0.148566 0.0144335 0.028446 0.135822 0.424444 0.0578459 0.066334 0.0379099 0.0608528 0.0253458 
0.0558071 0.115561 0.0409404 0.496069 0.00544079 0.113328 0.116382 0.00453661 0.0464151 0.00551977 
0.0392905 0.0237247 0.0501633 0.425063 0.0267569 0.211488 0.0811344 0.0569649 0.0776548 0.00775971 
0.027839 0.0760476 0.00352339 0.0308982 8.84986e-07 0.738333 0.0114282 0.098729 0.00497558 0.00822469 
0.0774229 0.0986845 0.0173591 0.0231424 2.71113e-07 0.630595 0.0736067 0.0282371 0.00587943 0.0450727 
0.31844 0.361855 0.20943 0.012015 4.67133e-05 0.01786 0.00326127 1.85706e-05 0.0544342 0.0226395 
0.0240044 0.798196 0.0351929 0.0847451 5.0377e-07 0.00613312 0.0106034 0.0356256 3.30012e-07 0.00549819 
0.172035 0.234815 0.00677377 0.262443 0.000911289 0.198414 0.0471314 0.0213769 0.0526397 0.0034585 
0.0220117 0.391 0.0218741 0.0729814 0.0200569 0.4013 0.0105483 0.00801661 0.0275611 0.0246498 
0.248207 0.629014 0.00744415 0.0134563 0.00185804 0.0555176 0.00270953 0.0103418 0.0125908 0.0188608 
0.114443 0.212614 0.0483553 0.24129 0.00251525 0.0825124 0.191447 0.00687023 0.0794101 0.0205426 
0.0787169 0.0740306 0.0181931 0.159191 0.262231 0.129633 0.154969 0.0318637 0.0765307 0.0146415 
0.10545 0.0871254 0.0144413 0.134286 0.00704183 0.281306 0.0355793 0.0272027 0.258054 0.0495141 
0.188832 0.0778205 0.00975693 0.0952423 0.015556 0.239115 0.189533 0.138557 0.0252959 0.0202915 
0.0464721 0.447615 0.0129086 0.222251 0.00330447 0.0725392 0.0369615 0.0575908 0.0824111 0.0179455 
0.0392905 0.0237247 0.0501633 0.425063 0.0267569 0.211488 0.0811344 0.0569649 0.0776548 0.00775971 
0.471715 0.0290217 6.9842e-06 0.0248256 0.0139438 0.0426927 0.00744534 0.248714 0.142963 0.0186719 
0.378621 0.0465534 0.0315385 0.0300142 0.000999082 0.119775 0.00963686 0.250785 0.126957 0.00512024 
0.0118421 0.0675464 0.024309 0.299049 0.0167307 0.130981 0.0769362 0.0878068 0.0260542 0.258744 
6.09762e-06 5.77211e-06 2.07503e-05 0.47733 1.75631e-05 0.364555 2.11234e-05 0.158021 1.87365e-05 4.51632e-06 
0.0732295 0.0742102 0.0545334 0.0431996 0.0394429 0.329525 0.139356 0.0263717 0.209791 0.0103409 
0.196347 0.192112 0.0027204 0.0407639 0.217673 0.0921589 0.153313 0.00437629 0.0780477 0.0224872 
0.239528 0.0571582 0.0672688 0.0610585 0.00081362 0.411992 0.0355743 0.0221742 0.0987659 0.00566655 
0.074706 0.180751 0.00741333 0.0979904 0.025369 0.464045 0.0718948 0.0410329 0.029024 0.00777387 
0.069241 0.104835 0.0437535 0.0571428 9.20157e-05 0.00492311 0.0419394 0.060305 0.180808 0.436959 
0.069241 0.104835 0.0437535 0.0571428 9.20157e-05 0.00492311 0.0419394 0.060305 0.180808 0.436959 
0.0329763 0.206852 0.00858224 0.045618 0.0209134 0.559446 0.0513982 0.0326169 0.0283497 0.0132477 
0.0984088 0.162125 0.00842225 0.118167 0.207988 0.185097 0.0161407 0.0213753 0.158877 0.0233987 
0.586193 0.194435 0.00461649 0.0367849 0.00122168 0.0803307 0.0242437 0.0339535 0.0304659 0.00775522 
0.53089 0.231088 2.72753e-06 0.0502134 0.00570243 0.146092 0.00120381 0.0344533 0.000338714 1.50085e-05 
0.311458 0.0919499 0.0503204 0.11432 0.00114726 0.155034 0.0449951 0.024163 0.195735 0.010877 
0.354475 0.126476 0.01609 0.0659027 0.00102672 0.0736142 0.0460724 0.0989856 0.158148 0.0592102 
0.0793121 1.22908e-07 0.171292 0.00549574 0.173182 0.198215 0.0358231 0.0113989 0.321705 0.00357614 
0.154372 0.0264657 0.0501964 0.0405429 0.126531 0.329337 0.0575117 0.00829182 0.202185 0.00456696 
0.00116924 0.085146 0.199542 0.668946 8.15045e-06 3.2825e-05 0.0451241 1.1836e-05 1.96614e-05 1.40341e-08 
0.483904 0.0866046 0.0121562 0.0136733 0.0237769 0.276106 0.00306973 0.0404829 0.00959562 0.0506301 
0.820333 0.0124277 0.00332906 0.00615237 0.0379398 0.029426 0.00514922 0.0331559 0.011354 0.0407328 
0.0349408 0.134052 0.00636343 0.344521 0.0506051 0.106261 0.260706 0.038945 0.0213803 0.00222505 
0.568013 0.0505939 0.00779428 0.0484016 0.0726653 0.0962922 0.0316468 0.0165563 0.0861415 0.021895 
0.566221 0.0133995 7.94027e-06 0.34111 3.70582e-06 0.036308 0.00979298 0.00904793 6.75491e-06 0.0241025 
0.0430535 0.0491968 0.045533 0.0625756 0.438728 0.272155 0.0251946 0.0138163 0.0382925 0.011455 
0.0224602 0.187899 0.00485552 0.3174 0.0193485 0.372602 0.0211936 0.0135767 0.0402429 0.000421247 
0.0177407 0.466669 0.00154844 0.0143803 5.62281e-09 0.1706 0.142312 0.0462181 0.140225 0.000307802 
0.112869 0.163847 0.0180007 0.0124921 0.0025191 0.57738 0.067922 0.0041783 0.0262389 0.0145534 
0.269682 0.0851664 0.0236194 0.0939295 0.105013 0.300723 0.0102462 0.0496976 0.027355 0.0345685 
0.0998045 0.229664 0.0298901 0.204566 0.0571565 0.187643 0.0443522 0.0449062 0.0920547 0.00996224 
0.0726655 0.0420115 0.0204031 0.299215 0.0304023 0.125868 0.165204 0.0343912 0.195135 0.0147046 
0.104546 0.198893 0.00334508 0.102206 0.0238409 0.263666 0.195767 0.0174445 0.0770184 0.0132741 
0.0150874 0.0872277 0.00780203 0.406316 0.0272031 0.421655 0.0117709 0.0148687 0.00326291 0.00480561 
0.101756 0.115214 0.031327 0.263651 0.0135483 0.212111 0.0579986 0.0156857 0.0631592 0.125548 
0.0100219 0.208751 1.05869e-05 0.775149 0.000410314 4.87971e-05 0.000255243 5.48415e-05 0.00529868 8.42845e-08 
0.133411 0.172237 0.00569571 0.38893 0.00974216 0.117856 0.0729532 0.0300513 0.0475754 0.0215483 
0.0742121 0.285581 0.0379178 0.188516 0.214836 0.0576404 0.0346801 0.0501221 0.0381442 0.0183512 
0.0275516 0.0083829 0.052527 0.38648 0.00869399 0.249492 0.0983482 0.0348865 0.131781 0.00185682 
0.133128 0.0664847 0.0128951 0.024487 0.361863 0.248607 0.0196617 0.0138669 0.104434 0.0145735 
0.171471 0.059072 1.63895e-06 0.0279416 0.227226 0.326115 0.0043746 0.18379 4.05556e-06 3.77437e-06 
0.0550779 0.0177192 0.0142524 0.451814 0.0770447 0.245064 0.0433763 0.0616206 0.0340297 8.24949e-07 
0.231114 0.0898906 0.0238689 0.186652 0.0258027 0.376836 0.0170163 0.0094475 0.0393701 2.60721e-06 
0.0781821 0.110881 0.0382436 0.208332 0.0291673 0.348223 0.0776714 0.0501151 0.0271604 0.0320242 
0.0225772 0.120141 0.0151287 0.177542 0.0985735 0.393463 0.0547778 0.0139021 0.0963415 0.00755313 
2.17268e-05 6.72092e-05 0.000180498 0.0165147 0.982943 9.90298e-09 0.000210991 1.90322e-08 6.16778e-05 2.87507e-08 
0.0779182 0.118872 0.0397747 0.204278 0.0103639 0.337858 0.132721 0.00203227 0.0703313 0.00584995 
0.0359027 0.34096 0.0108346 0.249708 0.00279222 0.276404 0.0364007 0.0339036 0.00671085 0.00638313 
0.0973851 0.0236786 0.112703 0.0615969 0.00289238 0.0232168 0.127161 0.105357 0.41244 0.03357 
0.516645 0.0310733 0.00663348 0.0240315 0.0535493 0.1667 0.0196536 0.0611143 0.0888664 0.0317328 
0.00663146 0.0147348 0.00670405 0.681976 0.0223773 0.237759 0.00992444 0.00861259 0.0104229 0.000858026 
0.073791 0.115937 0.0481913 0.209055 0.0268508 0.309613 0.0794369 0.0811819 0.0200677 0.0358761 
0.0799988 0.0226124 2.10611e-05 0.535871 0.0248171 0.154816 4.10965e-05 0.181779 3.60658e-05 7.52446e-06 
0.154354 0.0534057 0.042837 2.93437e-06 2.9333e-06 0.355056 0.100352 0.0991689 0.129108 0.0657126 
0.0392905 0.0237247 0.0501633 0.425063 0.0267569 0.211488 0.0811344 0.0569649 0.0776548 0.00775971 
0.242109 0.0404465 0.0685994 0.142184 0.0332027 0.186261 0.0367002 0.0895314 0.126575 0.0343912 
0.0117401 0.16326 0.01158 0.575182 0.00788831 0.0526792 0.138514 0.00783697 0.0306761 0.000643281 
0.17238 0.0175273 0.0439966 0.128886 0.208731 0.0877695 0.0651209 0.121869 0.139808 0.0139115 
0.0204346 0.0356855 0.00908997 0.762335 0.00438995 0.0591113 0.051752 0.0163574 0.0405982 0.0002456 
0.121614 0.0903488 0.0297342 0.0195644 0.276614 0.125722 0.0284285 0.176611 0.118341 0.0130233 
0.0466424 4.02973e-07 2.86077e-07 0.0981534 0.211435 0.152258 0.209453 0.0947808 0.187277 3.65399e-07 
0.240238 0.0376962 0.0272436 0.0707487 0.0077325 0.220393 0.00133562 0.172685 0.19741 0.024518 
0.0690357 0.0318522 0.0242419 0.209496 0.0126427 0.172388 0.279838 0.0444765 0.152831 0.00319826 
0.056725 0.0698193 0.0550119 0.209358 0.0320329 0.239422 0.105963 0.0449665 0.178696 0.00800429 
0.096782 0.0368278 0.0482753 0.143737 0.0508178 0.351193 0.0330668 0.17687 0.0473459 0.0150841 
0.254107 0.0189171 0.0603681 0.0747753 0.0593545 0.197543 0.0905169 0.0528184 0.18558 0.00601889 
0.0409604 0.122323 0.0246512 0.518921 0.0189775 0.103793 0.109538 0.00941436 0.0431187 0.00830339 
0.113209 1.01304e-05 0.076442 7.23933e-06 1.76632e-05 2.41806e-05 9.66894e-06 0.0180913 0.361569 0.430621 
0.0625406 0.00771115 0.0453368 0.682859 0.0458041 0.0220141 0.0513891 0.016121 0.0572293 0.00899436 
0.146723 0.0481117 0.0229072 0.0274955 0.406782 0.0330294 0.053139 0.122334 0.033563 0.105915 
-nan -nan -nan -nan -nan -nan -nan -nan -nan -nan 
0.246282 0.219049 0.0507395 0.104559 0.00491252 0.153623 0.101906 0.00260799 0.0793984 0.036921 
0.0216967 0.0503566 0.0200831 0.502382 0.021756 0.0232173 0.30234 0.0230806 0.0214978 0.0135901 
0.182778 0.118936 0.0128877 0.0920961 0.0125811 0.213611 0.0987555 0.0562139 0.15714 0.0550006 
0.0231659 0.0863753 0.0337407 0.0270122 0.00117536 0.0689399 0.0306151 0.6705 0.0546028 0.00387255 
0.0431898 0.273041 0.00298964 0.315203 0.0593636 0.0097855 0.171916 0.0410034 0.0660513 0.0174572 
0.0905378 0.195415 0.0443233 0.332669 0.02799 0.231284 0.0276086 0.0235162 0.0213467 0.00530874 
0.254632 0.0914445 0.0244739 0.111166 0.0577726 1.69974e-06 0.0241368 0.0197159 1.69968e-06 0.416655 
0.453528 0.000393136 0.0350603 0.0060952 0.0680976 0.04166 0.0159103 0.195894 0.161169 0.0221921 
0.0520125 0.076053 0.0368617 0.0289459 1.84473e-06 0.521056 0.0470045 0.113174 0.116891 0.00799937 
0.0102671 0.000355388 5.72919e-07 0.811478 0.00739806 0.104494 0.0182109 0.0163511 0.0313463 9.85777e-05 
0.0680207 0.033955 0.0139337 0.398838 0.0363509 0.356026 0.0339627 0.0288772 0.0263148 0.00372099 
0.12359 0.044964 0.191774 0.0814466 0.0129647 0.253003 0.0196383 0.0401472 0.190351 0.0421209 
0.338697 0.130368 0.0672798 0.0856339 0.0554934 0.0824969 0.171814 0.00388506 0.0360688 0.0282629 
0.0194386 1.05873e-07 3.80606e-07 0.440236 0.148123 0.173992 0.106704 0.0316375 0.0798686 8.28393e-08 
0.0423141 0.29275 0.0155267 0.0205609 0.0201279 0.376241 0.00948038 0.0957158 0.0459377 0.0813448 
0.0392905 0.0237247 0.0501633 0.425063 0.0267569 0.211488 0.0811344 0.0569649 0.0776548 0.00775971 
0.0167442 0.021899 0.0222639 0.546275 0.0281833 0.203847 0.0483387 0.0376138 0.0490944 0.0257415 
0.569083 0.0222993 0.147387 0.0236159 0.00939084 0.0303525 0.00754523 0.0391081 0.0966792 0.0545389 
0.177559 0.0127741 0.0116646 0.0387472 0.00775691 0.0334394 0.0282724 0.236148 0.0613659 0.392272 
0.0656497 0.0147234 0.0715336 0.305565 0.121757 0.014587 0.133958 0.169268 0.102178 0.000779485 
0.0513323 0.0873882 0.0853789 0.0857957 0.0218684 0.096385 0.105186 0.0857046 0.320248 0.0607128 
0.0878295 0.112268 0.0391513 0.0844257 0.0111502 0.302333 0.0284913 0.0326956 0.274461 0.0271948 
0.0878295 0.112268 0.0391513 0.0844257 0.0111502 0.302333 0.0284913 0.0326956 0.274461 0.0271948 
0.15161 0.0162474 0.00764273 0.083856 0.0404653 0.0998668 0.0792917 0.0636615 0.453289 0.00407038 
0.0811825 0.0790132 0.0715228 0.167664 0.202536 0.106799 0.118396 0.0425455 0.110263 0.0200774 
0.0392905 0.0237247 0.0501633 0.425063 0.0267569 0.211488 0.0811344 0.0569649 0.0776548 0.00775971 
0.0819437 0.153324 0.01042 0.00767714 0.0051235 0.612466 0.0542294 0.0154168 0.019771 0.0396286 
0.723802 0.00627506 0.0459328 0.00877153 0.00209954 0.044161 0.0258232 0.0525331 0.0571304 0.0334713 
0.0500453 0.0919682 0.00400782 0.0665694 0.000366963 0.22344 0.198224 0.0181409 0.332312 0.0149257 
0.262804 0.0296355 0.0591479 0.0331115 0.0288946 0.379592 0.0336783 0.0110252 0.156929 0.00518179 
0.0409838 0.0442867 0.028695 0.503957 0.00846586 0.253048 0.0751858 0.0318379 0.00785847 0.00568114 
0.412363 0.0717782 0.223156 0.054874 0.0383208 0.0597364 0.0205063 0.0382456 0.0206731 0.0603467 
0.0329784 0.044864 0.0257885 0.71996 0.00470936 0.0155179 0.0385829 0.0113439 0.08469 0.0215648 
0.0132208 0.0198475 0.0172209 0.296713 0.378312 0.0396226 0.120583 0.0461834 0.0661407 0.002156 
0.0660211 0.0455355 0.0190258 0.205883 0.0144908 0.302917 0.160447 0.0637932 0.11519 0.00669656 
0.0428365 4.30191e-08 0.107142 0.146638 0.0258914 0.416727 0.0495278 0.0385651 0.169078 0.0035949 
0.120121 0.0672937 0.0235903 0.522661 0.0205735 0.0592298 0.113223 0.00481838 0.0187332 0.0497559 
-nan -nan -nan -nan -nan -nan -nan -nan -nan -nan 
0.0546842 0.0644925 0.0461067 0.0209853 0.00138338 0.137756 0.0548107 0.0739857 0.484598 0.0611974 
0.05124 0.210507 0.0103095 0.395315 0.00105921 0.253978 0.03108 0.0170551 0.0264054 0.00304998 
0.17426 0.0141983 0.00273399 0.180665 0.001576 0.05838 0.0407118 0.0829145 0.272307 0.172253 
0.229368 0.0591143 0.0792433 0.135963 3.25774e-07 0.184779 0.0776229 0.0258721 0.196047 0.0119895 
0.0940674 0.109803 0.154549 0.0512104 0.017664 0.269469 0.0077504 0.0193318 0.243246 0.0329094 
0.139455 0.115229 0.023548 0.071341 0.0332799 0.299948 0.0501058 0.0158649 0.226462 0.0247658 
0.108955 0.0988787 0.106376 0.0280202 0.0080207 0.450157 0.0330954 0.01747 0.127848 0.0211798 
0.0536326 0.0155144 0.0232051 0.328308 0.0116827 0.0706212 0.447015 0.017747 0.0264727 0.00580107 
0.391892 0.0694628 0.245981 0.00947789 0.00818404 0.105436 0.0102024 0.0342284 0.0607898 0.0643464 
0.998079 8.86205e-05 0.000145294 8.5917e-05 0.000183739 2.74781e-07 0.000153878 0.00068193 5.97431e-05 0.000521129 
0.0455477 0.0957197 0.0548103 0.0881085 0.0051414 0.133718 0.020747 0.0173825 0.242046 0.296779 
0.619831 0.0732824 0.00945693 0.0211204 0.147767 0.0383098 0.00544326 0.0590632 0.0146334 0.0110924 
0.995611 0.00036538 3.61109e-08 0.000974025 0.000939626 1.74985e-08 0.000981978 3.36299e-08 0.000396056 0.000731606 
0.689704 0.0272354 0.0043345 0.00475901 0.0222718 0.0247084 0.00832923 0.0659337 0.132446 0.0202779 
0.112658 0.0193007 0.314772 0.0957914 0.0211801 0.100028 0.173038 0.0178932 0.106897 0.0384407 
0.0384942 0.00844616 0.115731 0.34434 0.0153597 0.325886 0.05306 0.0407894 0.0479127 0.00998108 
0.185076 0.054621 0.074706 0.0257013 0.0504847 0.484541 0.010888 0.0169717 0.0417817 0.0552285 
0.242307 0.00841584 0.265213 0.0191167 0.094721 0.259236 0.00809198 0.0274309 0.0717346 0.00373375 
1.09892e-05 1.09885e-05 0.134053 0.351659 0.14062 1.09889e-05 0.246149 0.127464 1.09885e-05 1.09857e-05 
0.29394 0.0185045 0.0483009 0.0180506 0.434201 0.0358681 0.0110327 0.0354905 0.0956094 0.0090021 
0.252104 0.0415722 0.0105768 0.246172 0.023131 0.0274663 0.281414 0.0338239 0.066409 0.0173307 
0.104245 0.0103478 0.0690142 0.0323189 0.0138236 0.147838 0.0272054 0.0600605 0.528148 0.00699799 
0.0228739 0.0269327 0.0372586 0.0922968 0.0202277 0.26155 0.290219 0.223179 0.0207057 0.00475601 
0.389685 0.0141951 0.127754 0.22385 0.0385588 0.0318696 0.0482853 0.0277777 0.0597464 0.0382777 
2.74354e-05 0.184544 2.02945e-05 2.71446e-05 0.000165831 0.815062 2.99229e-05 4.37534e-05 3.56775e-05 4.38035e-05 
0.246278 0.337466 0.0339948 0.215593 0.0439352 4.14589e-06 0.0729678 4.14529e-06 0.0497527 4.14467e-06 
7.03336e-06 0.0872148 7.03199e-06 0.313689 0.528715 0.0703386 7.03279e-06 7.03214e-06 7.03289e-06 7.03109e-06 
0.0346067 1.58051e-07 0.0844745 0.117832 0.0588855 0.185761 0.160199 0.0251731 0.322317 0.0107513 
0.246688 0.119744 0.0166987 0.0316115 0.0454 0.395635 0.00475059 0.0144661 0.0371676 0.0878389 
0.0466393 0.112067 0.0383299 0.277529 0.00648699 0.330406 0.0974066 0.0123204 0.0660308 0.0127847 
0.00963735 0.261204 0.0132818 0.460789 0.00635219 0.175581 0.0626078 0.00432253 0.00602426 0.00019934 
0.222263 0.0791187 0.277216 0.23324 0.0708466 0.0730213 0.0108224 6.62984e-06 0.0298746 0.00359089 
0.474132 0.00369188 0.0157228 0.425503 0.0232674 0.0128179 0.00679275 0.0211623 0.0134617 0.00344821 
0.17409 0.0633103 0.00378817 0.0159182 0.057887 0.230037 0.00569847 0.0167163 0.372272 0.0602819 
0.177707 0.0411874 0.156967 0.125919 0.0246085 0.216425 0.0707029 0.052314 0.0719786 0.0621902 
0.235286 0.104123 0.0597813 0.152394 0.0438029 0.115092 0.107143 0.0300857 0.119707 0.0325843 
0.0573003 0.113406 0.0319747 0.261214 0.00785157 0.4535 0.0185776 0.0107047 0.0309098 0.0145612 
0.0120852 0.136978 0.00990814 0.418383 0.0128523 0.222154 0.0219637 0.0146498 0.143033 0.0079922 
0.375772 0.0602839 0.0469316 0.201177 0.0492034 0.0714106 0.0968083 0.0224886 0.0710961 0.00482843 
0.0498666 0.017846 0.0263879 0.383853 0.0407263 0.14584 0.050562 0.188216 0.096702 5.63018e-07 
0.169921 0.0181014 0.0651173 0.0344042 0.616696 0.0363145 0.0056226 0.00449194 0.0418121 0.00751888 
0.0277601 0.0915525 0.152805 0.101605 0.00528569 0.134661 0.177542 0.019815 0.0729883 0.215987 
0.191038 0.0971368 0.00975984 0.186005 0.10584 0.169924 0.152533 0.00483901 0.0791538 0.00377098 
0.00151736 0.0088377 0.00805622 0.859004 0.00833911 0.0251279 0.0194176 0.00877727 0.00469446 0.056228 
0.069941 0.0903291 0.0510382 0.340813 0.0150089 0.208063 0.0626789 0.050539 0.0744402 0.0371483 
0.0510255 0.119762 0.0151553 0.415664 0.0597557 0.263176 0.0220417 0.0184108 0.026098 0.00891073 
0.0288733 0.0594059 0.0606264 0.0306412 0.0134561 0.636104 0.0261402 0.0590677 0.0746555 0.0110294 
0.0138691 0.333842 0.131973 4.73716e-07 0.0161148 0.159957 0.0623713 0.127444 0.129499 0.0249297 
0.0434304 0.176883 0.0178886 0.0489024 2.59578e-07 0.554299 0.137581 0.0037695 0.0118884 0.00535774 
0.113603 0.092347 0.0399292 0.33179 0.0107239 0.191198 0.118183 0.00906705 0.0867435 0.00641599 
0.0104842 0.0262121 0.0291829 0.491011 0.00289018 0.0792251 0.296673 0.0221078 0.0249789 0.0172355 
0.0994374 0.0552945 0.0132205 0.026788 0.0280057 0.0454922 0.106349 0.0279591 0.556531 0.040923 
0.26471 0.121863 0.00925537 0.113082 0.0257121 0.107272 0.0105365 0.0364963 0.302536 0.00853683 
0.0143383 0.135374 0.011566 0.458377 0.14717 0.126892 0.0265765 0.0209785 0.0517523 0.00697605 
0.0826815 0.253068 0.0567056 0.0871292 0.0358639 0.194898 0.0858003 0.0399539 0.105907 0.0579932 
0.236222 0.13062 0.0521648 0.112905 0.0110088 0.0795043 0.107155 0.216155 0.0215453 0.0327203 
0.192583 0.0587209 0.306579 0.00948287 9.449e-10 0.177288 0.113343 0.134645 2.5013e-06 0.00735563 
0.116458 0.101836 0.0280455 0.259557 0.0388327 0.214079 0.0963046 0.0200453 0.094173 0.0306679 
0.0528943 0.0191365 0.0153121 0.104933 0.232622 0.032382 0.243956 0.0808515 0.212525 0.00538757 
0.140414 0.00629675 0.153441 1.41801e-06 0.000188933 0.309575 3.47301e-06 8.80109e-06 0.378502 0.0115688 
0.108105 0.117843 0.0478221 0.231478 0.0309858 0.286536 0.0889107 0.0377557 0.0232562 0.0273065 
0.00689087 4.52954e-07 0.0127026 0.575065 0.0242581 0.266756 0.0391212 0.0557956 0.0194095 3.54408e-07 
0.311656 0.425467 0.0163436 0.0912412 0.00246577 0.0559502 0.072027 0.00130221 0.0200774 0.0034697 
0.0353443 0.0704559 0.0122329 0.590854 1.13236e-06 0.0734037 0.152915 0.0122331 0.052559 1.13242e-06 
0.0024395 0.00243934 0.978047 0.00243946 0.00243857 0.00243943 0.0024393 0.00243908 0.00243934 0.00243871 
0.00139171 0.0034279 0.971457 0.00460085 0.00214188 0.00754087 0.00251336 0.00380056 0.000588425 0.00253757 
0.210742 0.427311 0.0175332 0.0776065 0.0065472 0.0764708 0.0311493 0.0258926 0.021808 0.104939 
0.033721 0.0625975 0.136825 0.141146 0.0149112 0.144799 0.142027 0.0473131 0.259996 0.0166645 
0.0102584 0.369784 1.83414e-07 0.0391125 0.0123386 0.4278 4.81697e-07 0.0426175 0.0432422 0.0548459 
0.0315781 0.0470811 0.0256767 0.349943 0.0419792 0.349534 0.0911917 0.0177345 0.0402306 0.00505062 
0.0364231 0.0324331 0.000678289 0.1073 0.0103324 0.211739 0.0281196 0.511239 0.0555355 0.00619902 
0.0682169 0.177912 7.38127e-07 0.0584709 0.0157938 0.463621 0.0264287 0.0919732 0.0521189 0.0454635 
0.0991281 0.207829 0.0718655 0.159465 0.00630833 0.254509 0.150951 0.0151849 0.0269542 0.00780481 
0.219115 0.180795 0.128836 0.0275905 0.0256576 0.108738 0.0619991 0.0206381 0.0662758 0.160354 
0.0392905 0.0237247 0.0501633 0.425063 0.0267569 0.211488 0.0811344 0.0569649 0.0776548 0.00775971 
0.00330052 0.148045 0.00333399 0.743686 0.0124718 0.0757569 0.00386721 0.00369197 0.00455381 0.00129332 
0.070193 0.0723192 1.84848e-06 0.694697 0.0770932 0.0786208 1.19495e-06 0.00706844 1.18491e-10 5.75546e-06 
0.1101 0.204864 0.0239891 0.0823632 0.0160039 0.41871 0.0335258 0.0447041 0.0430281 0.0227124 
0.059312 0.308977 0.0149369 0.117941 0.0133218 0.374804 0.0320863 0.0300773 0.0304536 0.018089 
0.0250188 0.025251 0.0633342 0.640917 4.19101e-07 0.0678428 0.147075 0.0189166 0.0107904 0.000854039 
0.0345004 3.14359e-06 0.0409264 0.513501 2.23098e-06 0.270005 0.0584418 0.0589436 0.0236737 2.17197e-06 
0.189927 0.158963 0.0362362 0.216212 0.0355304 0.0764165 0.130421 0.0407072 0.0742065 0.0413803 
0.333622 0.0403925 0.0631852 0.0535185 0.0152647 0.0386041 0.0225556 0.014843 0.0687147 0.3493 
0.082869 0.150023 0.0336338 0.205755 0.0259411 0.270016 0.0519322 0.0402288 0.109479 0.0301216 
0.459603 0.0699187 0.0128986 0.0472525 0.0220047 0.0856802 0.0941694 0.0712626 0.10585 0.03136 
0.430767 0.00446267 0.0256614 0.0197561 0.0756067 0.0298605 0.173467 0.0575351 0.167583 0.0153 
0.0424541 0.256135 0.0680733 0.0591891 0.0581855 0.362019 0.0709131 0.0147486 0.0457575 0.0225242 
0.0717959 0.132602 0.149551 0.163041 0.00477349 0.323878 0.0600362 0.023028 0.0587177 0.0125772 
0.267835 0.0319292 0.19379 0.0923664 0.0506452 0.118068 0.0507193 0.0158747 0.0875399 0.0912326 
0.0836862 0.0413435 0.278928 0.0452827 0.00395784 0.223517 0.11345 0.00832097 0.0681534 0.133361 
5.4121e-07 0.0067397 7.05638e-07 0.306953 0.00256278 0.612008 0.0333747 0.0322072 2.92308e-07 0.0061531 
0.0967872 0.267353 0.0927483 0.181987 0.0126637 0.245587 0.0274847 0.0341506 0.0274204 0.0138185 
0.0392905 0.0237247 0.0501633 0.425063 0.0267569 0.211488 0.0811344 0.0569649 0.0776548 0.00775971 
0.0241486 0.103729 0.00960499 0.581749 0.00157232 0.145832 0.0759516 0.029611 0.0112255 0.0165751 
0.307806 0.112561 0.080912 0.0814314 0.00732783 0.0520848 0.0500734 0.0372365 0.21215 0.0584174 
0.0617241 0.0966919 0.0364907 0.323801 0.0177657 0.324477 0.0339778 0.0590146 0.014572 0.0314848 
0.233379 0.354251 0.0206797 0.224301 0.0063386 0.0622298 0.0329971 0.0256398 0.0296844 0.0104993 
0.161524 0.174611 0.00239493 0.160503 0.0024601 0.080254 0.330956 0.0259513 0.0387614 0.0225837 
0.0399785 0.159516 0.00213022 0.00888863 0.00347582 0.740437 0.0074339 0.00314891 0.0204862 0.0145047 
0.0467719 0.117318 0.0704707 0.16515 0.0369211 0.315364 0.0571945 0.0234981 0.06598 0.101331 
0.0797731 0.385563 0.0931561 0.0292229 0.0336595 0.0993295 0.0299187 0.0568844 0.103373 0.0891193 
0.12396 0.0569269 0.00600381 0.118378 0.0437382 0.233183 0.0439352 0.0269529 0.316748 0.0301737 
0.0168375 0.187481 0.0338906 0.25679 0.000921972 0.275758 0.158678 0.0175171 0.0378145 0.0143118 
0.0392905 0.0237247 0.0501633 0.425063 0.0267569 0.211488 0.0811344 0.0569649 0.0776548 0.00775971 
0.0556063 0.042772 0.00937022 0.126556 0.00558176 0.0666561 0.640658 0.0235888 0.0192747 0.00993576 
0.0393345 0.0704425 0.0231605 0.209324 0.0341671 0.140173 0.263343 0.167417 0.0100178 0.0426208 
0.181492 0.0270756 0.0438749 0.000351584 0.00686292 0.00348294 0.00421965 0.150246 0.00422245 0.578172 
0.417917 0.00177827 0.136907 0.00816851 0.013249 0.0277188 0.061267 0.0737211 0.246055 0.0132194 
0.0418162 0.0360093 0.026722 0.0729267 0.0135419 0.584175 0.0513111 0.00605504 0.164433 0.0030093 
0.04118 0.0313354 8.43171e-07 0.620572 7.13661e-07 0.22011 0.0226608 0.0283566 0.0357837 1.83517e-07 
0.170653 0.00666668 0.0123718 0.377838 0.0183307 0.012703 0.0779279 0.259874 0.02583 0.0378056 
0.13383 0.106308 0.0605885 0.149396 0.0133499 0.0435401 0.0536113 0.145417 0.293403 0.000556072 
0.246282 0.219049 0.0507395 0.104559 0.00491252 0.153623 0.101906 0.00260799 0.0793984 0.036921 
0.37796 0.0971037 0.140117 0.0605119 0.00768359 0.17691 0.031053 0.00366666 0.0892979 0.0156971 
0.267999 0.0392739 0.0351585 0.176278 0.0616009 0.192704 0.0477601 0.0192682 0.156842 0.00311562 
0.103524 0.0167001 0.01173 0.00834811 0.00212941 0.0149628 0.0047024 0.0100539 0.13111 0.69674 
0.0723838 0.104166 0.0379634 0.234437 0.0184903 0.249734 0.0699055 0.0219972 0.17665 0.0142736 
0.020432 0.024593 2.2208e-06 0.810637 0.0450579 0.099266 5.99216e-06 1.39494e-06 4.06838e-06 5.2988e-07 
0.0916954 1.21925e-06 0.0682703 0.138271 0.0507063 0.0994956 0.0963203 0.0719293 0.289695 0.0936157 
0.392955 0.00573224 0.116242 0.00639344 0.0849931 0.0840914 0.0019022 0.145774 0.11723 0.044687 
0.0275001 0.0140497 0.0322573 0.656143 0.0127186 0.119598 0.0341959 0.0158191 0.0803924 0.00732665 
0.155469 0.195453 0.0392005 0.180874 0.0145823 0.200055 0.0429109 0.0626898 0.0861694 0.022595 
0.37897 0.292266 0.0334758 0.0229564 0.00229635 0.185043 0.0177804 0.0138298 0.0235465 0.0298361 
0.260322 0.0469566 0.0261435 0.0931681 0.0349211 0.0642045 0.108877 0.0164732 0.0246054 0.324328 
-nan -nan -nan -nan -nan -nan -nan -nan -nan -nan 
0.476164 0.0561949 0.0166524 0.103446 0.0386347 0.174008 0.021379 0.0421906 0.0504422 0.0208881 
0.0696754 0.0696062 0.0167516 0.344075 0.0559793 0.29756 0.0689412 0.0208348 0.0492695 0.0073062 
0.0282743 0.0220257 0.0283127 0.392644 0.17339 0.163206 0.0193221 0.0948458 0.0759196 0.00205979 
0.0392905 0.0237247 0.0501633 0.425063 0.0267569 0.211488 0.0811344 0.0569649 0.0776548 0.00775971 
0.0105666 0.00856108 0.00963766 0.732688 0.0185577 0.0768586 0.108248 0.00592771 0.0278782 0.00107662 
5.48081e-06 4.33899e-10 7.37627e-10 0.998482 1.63848e-05 1.8587e-05 2.98089e-05 6.86947e-10 0.00144796 1.03773e-09 
0.0999625 0.0516523 0.093009 0.0944604 0.0829517 0.215461 0.0934978 0.0609717 0.17791 0.0301231 
0.0605957 0.0184023 0.0260618 0.430767 0.00775489 0.191724 0.11518 0.0510669 0.0825891 0.0158589 
0.441022 9.10258e-07 0.0136562 4.54177e-06 1.48645e-05 0.319047 1.83031e-06 0.0722625 0.0226982 0.131291 
0.0741314 0.0739454 0.0287978 0.0718963 0.018411 0.317518 0.0241614 0.113911 0.235735 0.0414918 
0.208287 0.110323 0.0393823 0.113718 0.00726542 0.159949 0.246306 0.0302 0.0760254 0.00854419 
0.037105 0.0273215 0.028361 0.261161 0.0235576 0.0312614 0.238142 0.044021 0.221519 0.08755 
0.0129228 0.328031 0.0258975 0.244234 1.02234e-06 0.0119314 0.145087 0.0185906 0.197054 0.0162502 
0.0484125 0.369908 0.0379221 0.268107 8.38881e-11 1.66034e-06 0.243537 0.014361 0.017749 1.53246e-06 
0.0245836 4.13133e-06 0.0137861 0.176495 0.280113 0.0418724 0.300464 0.0150941 0.147434 0.000153911 
0.0392905 0.0237247 0.0501633 0.425063 0.0267569 0.211488 0.0811344 0.0569649 0.0776548 0.00775971 
0.409086 0.163055 3.12359e-06 1.31946e-05 4.75653e-06 0.164566 0.144551 0.0609752 0.0577417 4.49248e-06 
0.0154751 0.0117537 0.0132311 0.0636355 0.00813288 0.00845412 0.0326752 0.118197 0.598846 0.1296 
0.0924121 0.00260727 0.0213113 0.011291 0.0617432 0.0375733 0.0324207 0.0184505 0.72186 0.000330066 
0.000442498 1.41908e-05 6.01605e-08 0.997139 9.54459e-08 2.91524e-08 0.000136365 0.00152399 0.000744052 8.46364e-08 
0.0700448 0.0080138 0.0575008 0.0387927 1.27974e-06 0.461753 0.176508 0.092522 0.0665452 0.0283182 
0.207061 0.0573453 0.00236197 0.0205696 0.0172092 0.238612 0.0667543 0.230111 0.135856 0.0241201 
0.0642182 0.125175 0.0373635 0.0237586 1.47699e-06 0.358434 0.236128 0.0100674 0.144854 4.75585e-07 
0.0312973 0.0669927 0.00582962 0.144817 0.679234 0.0441034 0.00140878 0.00217412 0.0208159 0.00332673 
0.0796526 0.0190463 0.000702178 0.0662202 0.804106 0.000654965 0.00946907 0.0138242 0.000820128 0.00550392 
0.146482 0.073051 0.0712899 0.0136164 0.0600721 0.131383 0.0197907 0.107832 0.366935 0.00954732 
0.0371351 0.0976659 0.0149626 0.0779532 5.17013e-07 0.269631 0.403258 0.00414804 0.0952457 9.97193e-08 
0.114488 0.0968374 0.0863457 0.0523294 0.00747165 0.162181 0.0172374 0.0326472 0.0471554 0.383307 
0.115244 0.0180134 0.182877 0.0224912 0.0174755 0.145553 0.0172049 0.0650549 0.151578 0.264508 
0.0297247 0.0327942 0.0573092 0.128567 0.00477008 0.0322956 0.0406995 0.0258269 0.0425734 0.605439 
0.0392905 0.0237247 0.0501633 0.425063 0.0267569 0.211488 0.0811344 0.0569649 0.0776548 0.00775971 
0.00356081 0.00690906 0.0103439 0.0763852 0.00115673 0.098502 0.150286 0.579304 0.00561634 0.0679361 
0.374302 0.226314 0.126805 0.0599823 0.00337384 0.100629 0.0367822 0.0106295 0.0383128 0.0228691 
0.0267686 0.147581 0.0033401 0.370637 0.0138957 0.156005 0.00834488 0.254441 0.0156796 0.00330727 
0.00909816 0.00600495 0.0199536 0.615824 0.0131687 0.177332 0.0870695 0.0142325 0.0565797 0.000736556 
0.0458143 0.0692952 0.269044 0.0212998 0.0155143 0.306011 0.0560457 0.0562892 0.136417 0.0242703 
0.0736923 0.00581146 0.0529316 0.0407521 0.0743116 0.0101578 0.0296596 0.00959637 0.228688 0.474399 
0.411285 0.113345 0.158804 0.077976 0.0167923 0.105651 0.0428168 0.00713844 0.0423425 0.023848 
0.0826815 0.253068 0.0567056 0.0871292 0.0358639 0.194898 0.0858003 0.0399539 0.105907 0.0579932 
0.106003 0.600147 0.0230651 0.113638 0.00450695 0.03827 0.0527269 0.0196387 0.0299786 0.0120262 
0.0822818 0.132977 0.049095 0.421128 0.00533408 0.0359597 0.0311457 0.0679088 0.094903 0.0792665 
0.0496562 0.0255558 0.014915 0.079959 0.0194806 0.109101 0.0935877 0.525679 0.0540328 0.0280326 
0.0599467 0.0639105 0.414611 0.198314 0.0140791 0.113862 0.0509069 0.0125915 0.0524175 0.0193617 
0.0165151 0.0127906 0.00835589 0.407483 0.0511398 0.274512 0.165536 0.0370676 0.00637378 0.0202266 
0.0392905 0.0237247 0.0501633 0.425063 0.0267569 0.211488 0.0811344 0.0569649 0.0776548 0.00775971 
0.0354852 0.0133129 0.000766623 0.457709 0.0186835 0.364305 0.000221166 0.108382 7.1896e-07 0.00113321 
0.202864 0.0614135 0.15158 0.0706838 0.0182215 0.193249 0.0376368 0.0496622 0.173219 0.0414703 
0.0321883 0.29031 0.0147059 0.257996 0.000735951 0.00489332 0.080091 0.00566764 0.274316 0.0390956 
0.0100829 0.352427 1.84873e-05 0.148477 2.14965e-05 0.274436 0.0662644 0.00565422 0.118434 0.024184 
0.0153359 0.0471868 0.0230512 0.0921245 0.0197168 0.012649 0.525307 0.0265783 0.235539 0.00251155 
0.0567479 0.107572 0.0136855 0.327365 0.0393428 0.0813834 0.16805 0.0344297 0.0514586 0.119965 
0.247165 0.0813708 0.02837 0.0602775 0.114594 0.30106 0.0324331 0.0405682 0.0469233 0.0472381 
0.284297 0.300334 0.0340494 0.128144 0.0249591 0.110068 0.0550116 0.00640273 0.00767268 0.0490621 
6.46812e-06 0.173057 0.0885936 0.0253036 0.0411009 0.601659 0.0116688 0.000552317 1.68328e-06 0.0580568 
-nan -nan -nan -nan -nan -nan -nan -nan -nan -nan 
0.016052 0.000977547 0.0150595 0.288009 0.006954 0.079228 0.408774 0.120633 0.0493959 0.014917 
0.0334059 0.0225619 0.0652025 0.429277 0.0581139 0.269116 0.0370605 0.0481528 0.0333591 0.00374947 
0.209803 0.115338 0.115615 0.0540949 0.00432852 0.330183 0.0655086 0.000251437 0.0994004 0.00547785 
0.115775 0.0127307 0.274972 0.260095 0.0123694 0.133168 0.0309605 0.0380136 0.0868127 0.0351026 
0.0087388 0.0345404 0.0849208 0.21473 0.00561357 0.413871 0.0354589 0.121914 0.0499707 0.0302417 
0.0601944 1.14865e-06 0.0663844 0.0457196 0.061779 0.23709 0.0287169 0.0712097 0.424999 0.00390555 
0.0266706 0.00340253 0.00225052 1.35173e-07 4.89769e-07 0.000116626 0.967244 2.87496e-07 0.000314515 4.34301e-07 
0.183894 0.160751 0.0183457 0.102277 0.216786 0.196124 0.00861846 0.0266168 0.079436 0.00715062 
0.0351595 0.080763 0.0559516 0.152155 0.0110539 0.284135 0.0535783 0.0654397 0.233037 0.0287268 
0.0427504 0.224956 0.0243833 0.0822309 0.00757158 0.314384 0.0290804 0.0428583 0.222652 0.00913369 
0.0299181 0.0050299 1.2279e-11 0.40217 0.120687 0.155453 0.245734 0.00492662 0.036082 1.16072e-07 
0.0504146 0.107151 0.0842685 0.0808261 0.0112541 0.140453 0.0814361 0.0704264 0.339977 0.033793 
-nan -nan -nan -nan -nan -nan -nan -nan -nan -nan 
0.715604 0.0435072 0.0222875 0.0568683 0.00306316 0.0741976 0.017974 0.0097461 0.0465659 0.0101867 
0.255552 0.184635 0.0201825 0.0984453 0.0273509 0.215192 0.0810561 0.0325874 0.0679015 0.0170976 
0.0514192 0.0914561 0.0655124 0.394782 0.0392095 0.0905491 0.0830826 0.0641489 0.0891807 0.0306598 
0.066266 0.0103248 0.000545434 0.000640273 4.18152e-07 1.27718e-07 0.0201828 0.86273 0.0275597 0.0117501 
