0.0406597 0.618664 0.144913 0.123118 0.0726457 
0.023516 0.251934 0.210268 0.206548 0.307734 
0.337209 0.0573924 0.136109 0.360381 0.108909 
0.0179386 0.544484 0.173352 0.174482 0.0897426 
0.524434 0.0481455 0.216355 0.153581 0.0574844 
0.0353091 0.0771283 0.0487546 0.105262 0.733546 
0.188502 0.0315613 0.213315 0.233324 0.333298 
0.062865 0.0159651 0.263278 0.470661 0.187231 
0.00639621 0.00305042 0.0215599 0.794645 0.174349 
0.00471169 0.0161928 0.0495589 0.649728 0.279809 
0.0046889 0.35269 0.174691 0.354727 0.113204 
0.374989 0.0574717 0.458177 0.0575938 0.0517684 
0.0124694 0.0256749 0.136866 0.694325 0.130665 
0.0540468 0.170695 0.0726424 0.594562 0.108055 
0.000142337 0.0156933 0.344644 0.0898217 0.549698 
0.0992623 0.392058 0.0131856 0.45437 0.0411233 
0.0378817 0.00170793 0.00501086 0.016486 0.938914 
0.209678 0.00933017 0.165347 0.333304 0.282342 
0.00046999 0.00190481 0.179675 0.721859 0.0960915 
0.29922 0.0446115 0.103961 0.277469 0.274739 
0.132215 0.0161328 0.0901931 0.321592 0.439867 
0.198784 0.166606 0.171718 0.343344 0.119548 
0.162506 0.0101064 0.430995 0.0878039 0.308588 
0.0462819 0.143398 0.177365 0.346383 0.286572 
0.0310705 0.189329 0.520805 0.147794 0.111001 
0.110758 0.051346 0.179878 0.219511 0.438507 
0.0158222 0.026273 0.252616 0.640026 0.0652627 
0.0312116 0.0045255 0.0139089 0.863732 0.0866217 
0.0106511 0.0692341 0.189613 0.49385 0.236652 
0.21718 0.150495 0.103966 0.212796 0.315563 
0.0348335 0.153597 0.0857321 0.41273 0.313107 
0.00670033 2.25615e-05 4.90641e-05 6.00199e-05 0.993168 
0.00750075 0.0329 0.162452 0.65887 0.138277 
8.02921e-06 0.299887 2.57314e-05 0.257475 0.442604 
0.138954 0.0928655 0.0791316 0.198698 0.490351 
0.0216924 0.0693199 0.507693 0.25608 0.145214 
0.00768832 0.00493465 0.555426 0.379667 0.052285 
0.0230334 0.82682 0.0348798 0.0210147 0.0942521 
0.0262443 0.0883212 0.488333 0.254302 0.1428 
0.0394793 0.135249 0.0746261 0.469262 0.281383 
0.0119739 0.107302 0.00918907 0.0551396 0.816396 
0.0484473 0.0158122 0.276897 0.564156 0.0946875 
0.308096 0.0365418 0.0340335 0.191037 0.430292 
0.0378732 0.121838 0.140397 0.218565 0.481327 
0.0756204 0.296582 0.125722 0.20975 0.292325 
0.0102976 0.649575 0.0331578 0.0239195 0.28305 
0.00971512 0.0360182 0.115556 0.815296 0.0234152 
0.0207219 0.0414325 0.0390381 0.39725 0.501557 
0.0289154 0.831635 0.0378359 0.0386286 0.0629846 
0.0326908 0.64322 0.0246429 0.0684004 0.231045 
0.00343451 0.161351 0.0227452 0.128166 0.684304 
0.0610196 0.0484008 0.555619 0.195254 0.139706 
0.0230223 0.0225568 0.16711 0.485621 0.30169 
0.0139605 0.551793 0.119778 0.257144 0.0573252 
0.0168878 0.00999749 0.00647903 0.830716 0.135919 
0.195209 0.0113438 0.506692 0.107713 0.179042 
0.14444 0.0942109 0.117931 0.130883 0.512535 
0.0463211 0.0208119 0.100115 0.258439 0.574313 
0.0458248 0.0407237 0.0882637 0.211075 0.614113 
0.0236378 0.0324616 0.0566465 0.120265 0.766989 
0.0569193 0.0537154 0.676116 0.127554 0.0856954 
0.0162008 0.0638451 0.112885 0.0614649 0.745604 
0.047792 0.0133563 0.146186 0.649504 0.143162 
0.104581 0.0110951 0.718561 0.0710233 0.094739 
0.108596 0.423411 0.129624 0.136587 0.201783 
0.0232315 0.0688588 0.179322 0.153073 0.575515 
0.14345 0.0412882 0.293122 0.379592 0.142547 
0.0100891 0.700031 0.0331233 0.119929 0.136828 
0.400977 0.0334045 0.327982 0.0657532 0.171883 
0.0282641 0.0327979 0.285998 0.490379 0.162561 
0.453618 0.032691 0.273839 0.0568692 0.182982 
0.0375669 0.327148 0.0732625 0.151813 0.410209 
0.0705441 0.153874 0.176057 0.100723 0.498801 
0.0360504 0.427478 0.0277663 0.35498 0.153726 
0.0203342 0.48128 0.0415497 0.0693639 0.387472 
0.0042182 0.972983 0.00132296 0.00895558 0.0125198 
0.328811 0.0443989 0.517371 0.0327127 0.0767057 
0.0236634 0.665817 0.0463524 0.132501 0.131667 
0.00089227 0.858491 0.0075929 0.0521474 0.0808761 
0.597684 0.0373484 0.122834 0.0932588 0.148874 
0.102933 0.236237 0.335623 0.25743 0.0677766 
0.0565383 0.632602 0.14037 0.115394 0.0550956 
0.0415201 0.0145486 0.388861 0.0617447 0.493326 
0.00774364 0.224045 0.0411717 0.305113 0.421926 
0.00359041 0.0327198 0.38945 0.383149 0.19109 
0.0664455 0.0369282 0.140021 0.465821 0.290785 
0.00823136 0.231404 0.145557 0.18034 0.434467 
0.0270586 0.0106693 0.0823249 0.0446732 0.835274 
0.723871 0.0164533 0.0092469 0.24796 0.00246854 
0.00196693 0.237475 0.0144732 0.0602931 0.685791 
0.0175164 0.0104254 0.413188 0.481722 0.0771475 
0.501614 0.0119592 0.124351 0.12723 0.234845 
0.132517 0.15852 0.378243 0.168712 0.162007 
0.0275058 0.0214403 0.0208565 0.32736 0.602837 
0.106161 0.0129998 0.166819 0.322007 0.392014 
0.0458132 0.00250845 0.829182 0.0956827 0.0268134 
0.0768114 0.0316917 0.419751 0.0968577 0.374888 
0.014901 0.0171978 0.356394 0.129853 0.481654 
6.05635e-06 0.331613 0.0962142 0.541631 0.0305358 
0.0717455 0.0149068 0.0270066 0.348694 0.537647 
0.510388 0.042689 0.117809 0.184141 0.144973 
1.05031e-05 0.78935 0.00302326 0.00434205 0.203274 
0.512046 0.0192132 0.0994998 0.201829 0.167413 
0.00287919 0.0327895 0.170334 0.179238 0.614759 
0.00234864 0.839972 0.0111743 0.0109347 0.13557 
0.0574588 0.665682 0.0739871 0.0562034 0.146669 
0.110061 0.0944634 0.164336 0.500053 0.131087 
0.0320989 0.0310656 0.542571 0.244201 0.150064 
5.08902e-05 0.635497 0.112884 0.23068 0.0208887 
0.084203 0.115738 0.111655 0.161097 0.527308 
0.279223 0.083568 0.121818 0.333424 0.181966 
0.0828249 0.153236 0.470599 0.221688 0.0716521 
0.0837032 0.704038 0.0508959 0.0682586 0.093104 
0.130455 0.00854521 0.517083 0.0457956 0.298122 
0.00541842 0.986029 0.000116232 6.61316e-06 0.00842976 
0.00214752 0.843077 0.0359527 0.0779734 0.0408495 
0.0345671 0.146732 0.0728642 0.075934 0.669903 
0.270157 0.169218 0.144571 0.164364 0.25169 
0.572904 0.0160171 0.0330285 0.328756 0.0492952 
0.0570549 0.352561 0.134672 0.160233 0.295479 
0.0345688 0.000770399 0.645704 0.0909475 0.228009 
0.0948392 0.0177753 0.588335 0.133835 0.165216 
0.231561 0.0258936 0.0823482 0.252349 0.407849 
0.0590701 0.195192 0.302047 0.183598 0.260092 
0.189479 0.0424475 0.289901 0.235288 0.242885 
0.0143064 0.0249432 0.409002 0.187374 0.364374 
0.20977 0.0128613 0.19588 0.354667 0.226821 
0.00843237 0.0720556 0.0746739 0.0835926 0.761245 
0.0467956 0.0972684 0.386001 0.225308 0.244627 
0.0599323 0.768507 0.0830902 0.0423796 0.0460912 
0.0619312 0.00267895 0.113142 0.71785 0.104398 
0.0792259 0.643087 0.0972189 0.1207 0.0597689 
0.151338 0.402145 0.157666 0.170741 0.118109 
0.0458247 0.0162454 0.0639552 0.0440239 0.829951 
0.0177537 0.672547 0.0292705 0.236867 0.0435611 
0.2186 0.112133 0.120298 0.406744 0.142225 
0.0288415 0.0683158 0.0897865 0.297507 0.515549 
4.83012e-05 0.000371163 0.978898 0.0168765 0.00380555 
0.0553294 0.0325467 0.276287 0.281807 0.35403 
0.000271402 0.534208 0.00192724 0.0435835 0.42001 
0.0532356 0.00936236 0.514064 0.303698 0.11964 
0.0611595 0.0266561 0.083304 0.489047 0.339834 
0.0274671 0.160291 0.105487 0.251118 0.455637 
0.0372082 0.00454482 0.0339073 0.0396379 0.884702 
0.0425556 0.103342 0.0780959 0.319178 0.456829 
0.418778 0.00674761 0.325884 0.122392 0.126198 
0.0382673 0.0119521 0.168126 0.0613003 0.720354 
0.0852009 0.398567 0.275793 0.0899797 0.15046 
0.0330775 0.385212 0.0566758 0.228556 0.296479 
0.0346067 0.052641 0.134107 0.126183 0.652462 
0.0259354 0.0369993 0.310896 0.504479 0.12169 
0.0222648 0.0191622 0.0302632 0.113576 0.814734 
0.012613 0.113288 0.245432 0.45163 0.177036 
0.0245702 0.272114 0.185949 0.477464 0.0399026 
0.164955 0.0814057 0.424795 0.0764975 0.252347 
0.54908 0.0660554 0.0852487 0.085848 0.213768 
0.0261302 0.0626024 0.0930635 0.251485 0.566719 
0.43526 0.0209522 0.134151 0.115737 0.293899 
0.271732 0.0189434 0.231655 0.3167 0.16097 
0.205213 0.00644564 0.263201 0.34603 0.17911 
0.186638 0.0211952 0.0215236 0.292283 0.47836 
0.0669659 0.0333138 0.226381 0.263089 0.41025 
0.0408326 0.00742754 0.393527 0.115069 0.443143 
0.293753 0.148775 0.101327 0.0947435 0.361402 
0.0456024 0.0270534 0.340617 0.127608 0.459119 
0.139338 0.027124 0.436778 0.170404 0.226355 
0.0764333 0.0178534 0.775511 0.0492282 0.0809741 
0.0763362 0.00471211 0.455835 0.272325 0.190792 
0.335283 0.0469735 0.106319 0.213514 0.29791 
0.0851118 0.0545475 0.3995 0.190427 0.270414 
0.119009 0.0968036 0.100046 0.139574 0.544568 
0.0367106 0.0883908 0.164583 0.487174 0.223142 
0.195127 0.0536425 0.344479 0.0820969 0.324655 
0.0398127 0.03705 0.268105 0.607903 0.0471294 
0.0142119 0.0389944 0.432692 0.276497 0.237605 
0.478911 0.0443711 0.17664 0.0937654 0.206313 
0.307627 0.00233768 0.652055 0.0133971 0.024584 
0.0592293 0.0684535 0.648861 0.117673 0.105783 
0.132634 0.138637 0.272453 0.320702 0.135575 
0.000131786 0.414072 0.00831177 0.493694 0.0837906 
0.181515 0.0303614 0.0576954 0.221773 0.508654 
0.0198044 0.032674 0.234859 0.482992 0.22967 
0.0138447 0.0386044 0.526016 0.197675 0.22386 
0.000339949 0.314201 0.316445 0.304996 0.0640188 
0.050658 0.0470537 0.251176 0.161728 0.489384 
0.0233941 0.688244 0.0541075 0.091972 0.142283 
0.172589 0.0240285 0.24108 0.140331 0.421972 
0.06879 0.210829 0.0855491 0.352059 0.282773 
0.14756 0.0563792 0.334072 0.215146 0.246843 
0.0674144 0.594461 0.0851992 0.065485 0.18744 
0.00838222 0.00883184 0.0684074 0.566216 0.348163 
0.0894144 0.0644332 0.362332 0.276939 0.206881 
0.00277204 0.0073632 0.322369 0.458268 0.209227 
0.196332 0.0741806 0.377079 0.131609 0.220799 
0.0130839 0.0119066 0.157412 0.545978 0.271619 
0.0816417 0.164079 0.0736286 0.107734 0.572917 
0.0297878 0.220561 0.235441 0.399812 0.114398 
0.421445 0.0176925 0.208246 0.0729559 0.279661 
0.000217735 0.85157 0.0362616 0.0784256 0.0335253 
0.0798702 0.657843 0.107135 0.0833033 0.0718481 
0.083153 0.473139 0.18469 0.084277 0.174742 
0.0269007 0.502318 0.0466926 0.120455 0.303634 
0.0622723 0.014741 0.228896 0.486894 0.207198 
0.0739719 0.0884866 0.20309 0.179068 0.455384 
0.10783 0.141415 0.236688 0.274511 0.239557 
0.429918 0.06225 0.0874761 0.231966 0.18839 
0.00195278 0.0311943 0.0587772 0.758478 0.149597 
0.0417716 0.0154411 0.0475519 0.426298 0.468937 
0.00992892 0.0178008 0.036458 0.721927 0.213886 
0.197488 0.0357751 0.553951 0.0469815 0.165805 
0.0361272 0.00461992 0.0180764 0.0156741 0.925502 
0.123523 0.0764301 0.524991 0.110948 0.164109 
0.0227984 0.0173433 0.603809 0.0815614 0.274488 
0.0265121 0.0500525 0.0710236 0.0797315 0.77268 
0.0639056 0.0344405 0.060768 0.118419 0.722467 
0.0476718 0.0150184 0.772306 0.0588907 0.106113 
0.00114873 0.000417107 0.803826 0.0822358 0.112373 
0.0204361 0.560157 0.015531 0.124597 0.279279 
0.0580337 0.0720492 0.867153 0.00159729 0.00116661 
0.103002 0.0482376 0.0393008 0.272332 0.537128 
0.0894193 0.0508234 0.0732203 0.239654 0.546883 
0.0213819 0.1842 0.0933408 0.595961 0.105116 
0.456391 0.0495718 0.412487 0.0500501 0.0315007 
0.67509 0.00532588 0.301059 0.00107514 0.0174496 
0.0473995 0.0727995 0.216471 0.509066 0.154265 
0.000103083 0.934372 0.0102176 0.0352897 0.0200178 
0.00608312 0.776695 0.0672562 0.0664053 0.0835601 
0.0166886 0.354494 0.464265 0.118781 0.0457716 
0.0315341 0.00189437 0.0735076 0.8427 0.0503637 
0.0311151 0.0213871 0.674657 0.172634 0.100207 
0.00442368 0.818801 0.0309204 0.0256072 0.120248 
0.0926209 0.0427741 0.509009 0.150963 0.204633 
0.0815126 0.0232517 0.298466 0.266133 0.330636 
0.0913771 0.098145 0.103535 0.248978 0.457965 
0.269658 0.0402836 0.390283 0.117354 0.182422 
0.00169697 0.910757 0.0167793 0.026716 0.0440511 
0.199603 0.198392 0.200522 0.200552 0.200932 
0.182768 0.0751583 0.193119 0.0657806 0.483174 
0.0250097 0.582433 0.0749314 0.0845548 0.233071 
0.0285583 0.0205619 0.263568 0.254386 0.432925 
0.0370782 0.212593 0.226717 0.212736 0.310876 
0.0419883 0.16824 0.237938 0.318778 0.233056 
0.222975 0.0284856 0.0376987 0.529486 0.181354 
0.00649899 0.0552762 0.0570307 0.177427 0.703767 
0.185521 0.0841366 0.529313 0.177269 0.0237613 
0.00432448 0.234302 0.062833 0.189566 0.508974 
0.00118103 0.865517 0.0172416 0.0730418 0.0430182 
0.0211009 0.00765418 0.726656 0.202489 0.0420993 
0.0895151 0.0439992 0.177229 0.367694 0.321562 
0.422104 0.114158 0.120302 0.15674 0.186696 
0.0494422 0.104117 0.0245007 0.0746193 0.74732 
0.101159 0.238592 0.0248304 0.193045 0.442373 
0.0218823 0.714334 0.0123792 0.127568 0.123837 
0.00231878 0.252454 0.0428978 0.317143 0.385186 
7.88578e-05 0.956834 0.0131818 0.0282976 0.00160722 
0.0604537 0.0315925 0.1032 0.540013 0.264741 
0.0306843 0.0199585 0.177209 0.61902 0.153128 
0.0398334 0.0272641 0.440106 0.256553 0.236243 
0.134021 0.0311725 0.398485 0.363795 0.0725258 
0.0227743 0.00583149 0.0387187 0.310095 0.622581 
0.147248 0.00422568 0.794153 0.0129096 0.0414634 
0.0209683 0.0669671 0.176194 0.258751 0.47712 
0.0170635 0.0412456 0.476087 0.182895 0.282709 
0.086902 0.0732411 0.165169 0.156826 0.517862 
0.48152 0.0492725 0.107794 0.259341 0.102071 
0.041206 0.030522 0.664706 0.194895 0.0686711 
0.0514622 0.0177101 0.0591293 0.0387017 0.832997 
0.135549 0.0137756 0.705989 0.0372058 0.10748 
0.0698088 0.00555871 0.0650231 0.0223047 0.837305 
0.0227197 0.00594723 0.335498 0.140527 0.495308 
0.137926 0.00261036 0.0763938 0.305303 0.477767 
0.693021 0.00884464 0.0655715 0.176512 0.0560503 
0.255888 0.0873108 0.148371 0.252066 0.256365 
0.0844496 0.0245469 0.0993257 0.186091 0.605586 
0.0753191 0.00568406 0.0583191 0.091878 0.7688 
0.0765986 0.0105803 0.346394 0.327673 0.238754 
0.0386423 0.0279814 0.0935238 0.289271 0.550582 
0.0043485 0.865901 0.0152676 0.0715098 0.0429728 
0.000201155 0.0634039 0.0814873 0.639325 0.215582 
0.014906 0.0794082 0.142444 0.537513 0.225728 
0.0465623 0.0220021 0.705026 0.0842473 0.142163 
0.0187622 0.197399 0.112555 0.0217865 0.649498 
0.152164 0.00326123 0.0798746 0.685138 0.0795622 
0.00851792 0.348071 0.0736612 0.228666 0.341084 
0.126047 0.0385757 0.130845 0.231482 0.47305 
0.138944 0.353912 0.214935 0.0759947 0.216213 
0.0556323 0.114481 0.59014 0.179245 0.0605015 
0.129145 0.537762 0.116509 0.0810431 0.135541 
0.0809902 0.12364 0.225506 0.14788 0.421984 
0.118034 0.229231 0.0906119 0.0493895 0.512733 
0.0198654 0.0105895 0.0241045 0.189632 0.755809 
0.13672 0.00595565 0.163214 0.48597 0.20814 
0.222654 0.0305246 0.632219 0.0433919 0.07121 
0.0829976 0.369873 0.0255334 0.141869 0.379727 
0.0167029 0.266899 0.0858417 0.138766 0.49179 
0.0198217 0.199789 0.0555419 0.523211 0.201636 
0.423359 0.156905 0.0563662 0.125374 0.237996 
0.00556494 0.00568657 0.0158598 0.809747 0.163142 
0.0468626 0.731227 0.0507861 0.0619045 0.109219 
0.00765196 0.103518 0.114056 0.697066 0.0777074 
1.86269e-05 0.157765 0.10172 0.218006 0.52249 
0.000116182 0.000942559 0.109628 0.423115 0.466198 
0.101795 0.155903 0.263598 0.21909 0.259614 
0.212501 0.0515068 0.0238492 0.442332 0.269811 
0.798625 0.0814279 0.0869232 0.0238501 0.0091733 
0.0599708 0.00913881 0.61373 0.189978 0.127183 
0.0861457 0.181993 0.0538871 0.553985 0.12399 
0.133825 0.0553005 0.434101 0.144372 0.232401 
0.0421152 0.0073032 0.077454 0.0716863 0.801441 
0.65293 0.0153192 0.0112852 0.060249 0.260217 
0.60491 0.0238329 0.158073 0.075015 0.13817 
0.690436 0.0190676 0.11289 0.0358283 0.141778 
0.0230028 0.0154297 0.690849 0.228113 0.0426063 
0.0498225 0.352999 0.0453612 0.088356 0.463461 
0.0803356 0.0514689 0.405153 0.0963194 0.366723 
0.00109471 0.861387 0.026894 0.0738212 0.0368032 
0.255309 0.0381573 0.159598 0.167828 0.379107 
0.0526606 0.0463542 0.0464055 0.148263 0.706316 
0.0115533 0.0378093 0.545011 0.0956663 0.30996 
0.910727 0.0294658 0.0129461 0.00843446 0.0384267 
0.0245162 0.0302852 0.02825 0.143673 0.773276 
0.112273 0.0238608 0.636146 0.0625774 0.165143 
0.0653207 0.455049 0.111362 0.136611 0.231657 
0.700927 0.00589751 0.0634487 0.218338 0.0113895 
0.0977258 0.00360786 0.20275 0.550308 0.145608 
0.0536133 0.237626 0.150626 0.320928 0.237207 
0.555505 0.0355166 0.12113 0.1647 0.123148 
0.605798 0.000550319 0.0581962 0.287923 0.0475322 
0.0384499 0.278562 0.0826958 0.0865935 0.513699 
0.00637494 0.0847941 0.0143183 0.0264042 0.868108 
0.229808 0.0749637 0.161773 0.200468 0.332987 
0.0308312 0.0350724 0.641936 0.055163 0.236997 
0.0200244 0.00113369 0.842262 0.108749 0.0278315 
0.109345 0.0465436 0.771928 0.0450311 0.0271519 
0.0170874 0.0186552 0.07757 0.0853098 0.801378 
0.10976 0.0169304 0.00249657 0.0191643 0.851648 
0.0284194 0.00261165 0.570397 0.0276489 0.370923 
0.601961 0.0187924 0.128804 0.0663149 0.184127 
0.0882431 0.0662151 0.389103 0.423647 0.0327912 
0.424423 0.0156922 0.139236 0.220156 0.200493 
0.00784463 0.744303 0.0229666 0.0232295 0.201656 
0.0159314 0.777861 0.0111212 0.0182866 0.1768 
0.0467174 0.0347735 0.129508 0.430534 0.358468 
0.139855 0.0322952 0.120231 0.14644 0.561179 
4.33714e-07 0.961931 0.00146104 0.0218841 0.0147233 
0.0169114 0.0279777 0.059339 0.796364 0.0994081 
0.00460526 0.00778522 0.140018 0.400578 0.447014 
0.0483998 0.0920001 0.198228 0.3443 0.317072 
0.0621986 0.506741 0.0366339 0.0717064 0.32272 
0.0518683 0.693585 0.0958713 0.121681 0.0369941 
0.404623 0.0187006 0.246122 0.213676 0.116879 
0.153652 0.00421946 0.0345086 0.137963 0.669657 
0.144838 0.0265303 0.105209 0.145471 0.577952 
0.0818647 0.0094497 0.631317 0.207718 0.069651 
0.0486184 0.0175559 0.0638441 0.223571 0.64641 
0.0672449 0.0500216 0.440725 0.193736 0.248273 
0.0851618 0.026958 0.120312 0.401604 0.365964 
0.155785 0.17104 0.195898 0.238034 0.239243 
0.124308 0.0219443 0.722804 0.104185 0.0267591 
0.16526 0.0160113 0.607086 0.130714 0.0809295 
0.00546966 0.000432793 0.101437 0.8621 0.0305611 
0.0114946 0.227195 0.486152 0.0842918 0.190867 
0.269528 0.0312328 0.0939691 0.114752 0.490519 
0.0225308 0.0977831 0.112494 0.0583202 0.708872 
0.0481409 0.58233 0.0469049 0.137364 0.18526 
0.0978522 0.0152855 0.0345772 0.523209 0.329076 
0.105565 0.0680746 0.322224 0.253929 0.250207 
0.0805878 0.0237772 0.156148 0.367714 0.371773 
0.0957319 0.0323903 0.269303 0.413001 0.189575 
0.241972 0.0777409 0.131163 0.295253 0.253871 
0.0417215 0.0475957 0.401162 0.270631 0.238889 
0.198097 0.0245922 0.138426 0.279562 0.359322 
0.697316 0.0238439 0.0646701 0.0924474 0.121722 
0.562512 0.0539484 0.182576 0.0738451 0.127119 
0.00845663 0.063735 0.0270342 0.299118 0.601656 
0.0474258 0.0709838 0.049685 0.289857 0.542048 
0.503412 0.0728093 0.336628 0.0161908 0.0709601 
8.43197e-05 0.0113335 0.0228968 0.781621 0.184065 
0.0485604 0.0280392 0.141541 0.0596364 0.722223 
0.0860973 0.0508748 0.433 0.262164 0.167864 
0.0661515 0.106492 0.331036 0.118468 0.377852 
0.000975112 0.910206 0.0273857 0.051907 0.009526 
0.084938 0.10736 0.41542 0.305762 0.0865197 
0.0337286 0.00671608 0.0566222 0.762972 0.139961 
0.0322071 0.0146948 0.0408154 0.453161 0.459122 
0.0045985 0.674337 0.00507414 0.233763 0.0822274 
0.0147651 0.00525651 0.204191 0.689964 0.0858228 
0.103519 0.00629082 0.135725 0.635092 0.119373 
0.0453968 0.00778872 0.0481696 0.131234 0.767411 
0.0460059 0.0524248 0.0623575 0.100724 0.738488 
0.00976443 0.649391 0.100138 0.161776 0.0789309 
0.200377 0.0210097 0.650102 0.0794346 0.0490768 
0.0458972 0.055379 0.361439 0.40343 0.133855 
0.0467458 0.0295975 0.0524601 0.089283 0.781914 
0.000441473 0.0077667 0.676506 0.310066 0.0052203 
0.00551782 0.304379 0.133016 0.526524 0.0305625 
0.0252047 0.0833126 0.280566 0.316614 0.294303 
0.0931009 0.0113575 0.171861 0.591773 0.131907 
0.0622486 0.033535 0.561239 0.0998051 0.243172 
0.00356329 0.00727649 0.255285 0.124 0.609875 
0.0223164 0.544323 0.0625462 0.054464 0.31635 
0.0718476 0.0238371 0.333004 0.468371 0.10294 
0.371819 2.24254e-05 0.400515 0.198774 0.0288698 
0.0447693 0.01055 0.688552 0.107252 0.148877 
0.100432 0.0317119 0.152228 0.427757 0.287871 
0.581322 0.00814941 0.0694894 0.107207 0.233833 
0.036078 0.0537006 0.53408 0.0934846 0.282657 
0.00870677 0.00327235 0.47674 0.0867542 0.424526 
0.0629214 0.00339681 0.211264 0.397212 0.325206 
0.38066 0.00411265 0.392593 0.0331269 0.189508 
0.056905 0.047367 0.0400615 0.0270087 0.828658 
0.0106678 0.533423 0.0322906 0.0901811 0.333437 
0.0168102 0.0396356 0.0051605 0.0104593 0.927934 
0.0723915 0.181596 0.130158 0.210254 0.4056 
0.000248367 0.928734 0.00770007 0.0250508 0.0382671 
0.00374129 0.0336524 0.0342348 0.0531445 0.875227 
0.0629851 0.142646 0.113242 0.244294 0.436833 
0.102296 0.0402551 0.0596667 0.117762 0.68002 
0.0331846 0.0154203 0.0590178 0.166608 0.725769 
0.075256 0.109363 0.609988 0.138637 0.0667564 
0.458331 0.283612 0.149173 0.0480562 0.0608269 
0.183256 0.178207 0.0995112 0.331561 0.207464 
0.16795 0.0211 0.42233 0.257271 0.13135 
0.279667 0.0967791 0.557128 0.000169647 0.0662561 
0.190323 0.0213602 0.163421 0.393948 0.230948 
0.0066938 0.0226587 0.530445 0.363376 0.0768264 
0.134879 0.0161849 0.0362771 0.401092 0.411567 
0.029878 0.342377 0.0738797 0.128734 0.425131 
0.177715 0.00545432 0.0246846 0.0848265 0.70732 
0.0142896 0.0143306 0.0606404 0.215461 0.695278 
0.0030632 0.127078 0.0192911 0.0203594 0.830209 
0.040388 0.00974838 0.032153 0.336196 0.581514 
0.0156691 0.0325499 0.145225 0.66541 0.141146 
0.0127253 0.325588 0.130866 0.316591 0.214229 
0.244894 0.0310939 0.312838 0.110107 0.301068 
0.186388 0.024266 0.314059 0.393075 0.0822121 
0.00250562 0.0573535 0.0535048 0.356374 0.530262 
0.718595 0.00905851 0.044316 0.0832446 0.144786 
0.0691937 0.0217209 0.330376 0.118918 0.459792 
0.113979 0.0385014 0.0934542 0.123557 0.630508 
0.00454736 0.0628277 0.114138 0.426189 0.392298 
0.114991 0.0590055 0.544998 0.146231 0.134774 
0.14532 0.0284283 0.0714061 0.0470511 0.707794 
0.102079 0.0067224 0.201449 0.163582 0.526169 
8.6865e-05 0.525533 0.0873529 0.111406 0.275621 
0.440339 0.000272502 0.154276 0.0892883 0.315825 
0.0308031 0.0104265 0.233623 0.230504 0.494643 
0.0669672 0.0442845 0.162263 0.327082 0.399403 
0.0193078 0.0267091 0.13321 0.130918 0.689855 
0.0824442 0.0611951 0.0392826 0.144404 0.672674 
0.084203 0.115738 0.111655 0.161097 0.527308 
0.0334156 0.80588 0.0187484 0.0210973 0.120859 
0.0796073 0.0909141 0.178199 0.328491 0.322789 
0.176442 0.058543 0.577777 0.133795 0.053442 
0.00486635 0.593841 0.105107 0.117033 0.179153 
0.567094 0.00902638 0.0407442 0.127104 0.256032 
0.00730863 0.977699 0.0107742 0.0011906 0.00302789 
0.000141363 0.941838 0.00632616 0.0195757 0.0321186 
0.0172694 0.00125324 0.697187 0.213244 0.0710468 
0.714984 0.0506466 0.0969225 0.023629 0.113818 
0.177099 0.188348 0.534555 0.0883366 0.0116611 
0.00119485 0.265716 0.0193867 0.028508 0.685194 
0.184815 0.0447803 0.444554 0.218835 0.107016 
0.211798 0.0580938 0.592311 0.0799411 0.0578559 
0.0368961 0.0955773 0.126304 0.486819 0.254403 
0.199603 0.198392 0.200522 0.200552 0.200932 
0.220251 0.0359777 0.583728 0.0596996 0.100343 
0.366486 0.162197 0.150828 0.199375 0.121114 
0.171575 0.0272522 0.316577 0.240207 0.24439 
0.0462353 0.0763489 0.362262 0.427968 0.0871854 
0.0158647 0.636197 0.0390951 0.138335 0.170508 
0.620386 0.0578223 0.0711584 0.022885 0.227748 
0.0356984 0.0353634 0.262494 0.121652 0.544793 
0.0969051 0.716129 0.0358868 0.0706609 0.0804183 
0.294692 0.10762 0.135962 0.259148 0.202578 
0.596288 0.0572853 0.141646 0.130392 0.0743897 
0.160414 0.0122945 0.735651 0.0544269 0.0372142 
0.0645712 0.0322477 0.0589492 0.0965574 0.747675 
0.0790292 0.0451692 0.654812 0.128659 0.0923306 
0.246699 0.038519 0.239271 0.310729 0.164782 
0.0583787 0.0483669 0.0544189 0.137591 0.701244 
5.27412e-05 0.339812 0.148735 0.233418 0.277982 
0.333161 0.372184 0.0803537 0.0600824 0.154219 
0.518189 0.0334046 0.397026 0.0148501 0.03653 
0.274872 0.127258 0.483859 0.100114 0.0138968 
0.000464524 0.937333 0.011148 0.00555881 0.0454952 
0.000600233 0.273308 0.0208854 0.0724503 0.632756 
0.0574448 0.0405968 0.0142464 0.0216514 0.866061 
0.0232825 0.0197408 0.508759 0.379955 0.0682632 
0.0294054 0.00657155 0.450778 0.234847 0.278398 
0.0952067 0.0236764 0.604528 0.11479 0.161799 
0.0599489 0.0086474 0.3619 0.0573951 0.512109 
0.00335306 0.00473393 0.685721 0.107137 0.199055 
0.0122261 0.768185 0.030967 0.0749162 0.113705 
0.203131 0.051408 0.57821 0.0912168 0.0760341 
0.00191912 0.76507 0.0633624 0.104676 0.064973 
0.0285467 0.11112 0.306251 0.374274 0.179808 
0.00111451 0.0345794 0.321509 0.185767 0.45703 
0.0135703 0.0574448 0.0147827 0.0578801 0.856322 
0.0223447 0.0288915 0.256919 0.544664 0.14718 
0.0344636 0.0490471 0.314832 0.164283 0.437374 
0.78941 0.0267224 0.081263 0.0480744 0.0545299 
0.108896 0.00490039 0.110085 0.0381225 0.737996 
0.00768963 0.184015 0.0456363 0.10443 0.658229 
0.0598318 0.0216297 0.0312958 0.0682017 0.819041 
0.0191161 0.0328241 0.0804265 0.377453 0.49018 
0.0943149 0.00911326 0.114311 0.0837584 0.698502 
0.0124312 0.427344 0.035074 0.0694861 0.455665 
0.0187924 0.164334 0.221703 0.136615 0.458556 
0.0033648 0.010778 0.0517862 0.278515 0.655556 
0.383506 0.0365771 0.194888 0.146145 0.238883 
0.0697579 0.0488713 0.0691009 0.0918613 0.720409 
0.0799924 0.0728813 0.0566663 0.211049 0.579411 
0.0225702 0.0578172 0.0711389 0.629481 0.218993 
0.244287 0.0623091 0.3481 0.294185 0.0511191 
0.0323529 0.0496148 0.0996478 0.100805 0.71758 
0.00124556 0.0186791 0.239001 0.272213 0.468862 
0.0126016 0.335762 0.0204292 0.0637089 0.567498 
0.0105674 0.104097 0.0468072 0.103083 0.735445 
0.14756 0.0563792 0.334072 0.215146 0.246843 
0.555151 0.00950609 0.100532 0.13346 0.201351 
0.0193927 0.814154 0.017865 0.0884167 0.0601715 
0.199603 0.198392 0.200522 0.200552 0.200932 
0.0292627 0.0457711 0.640832 0.180389 0.103745 
0.0538985 0.0510485 0.118303 0.636589 0.14016 
0.00600167 0.576115 0.0186799 0.110613 0.288591 
0.0892979 0.433917 0.0698691 0.195179 0.211737 
0.181189 0.0141547 0.513515 0.139227 0.151915 
0.0106067 0.014878 0.0104069 0.454638 0.509471 
0.123576 0.378274 0.206507 0.131288 0.160356 
0.0137018 0.0533848 0.0924817 0.311272 0.52916 
0.0333008 0.147456 0.39584 0.0737671 0.349636 
0.0128832 0.697984 0.0716358 0.167767 0.0497301 
0.0075521 0.766853 0.0138002 0.0297678 0.182027 
0.0848833 0.564132 0.113285 0.106605 0.131095 
0.0443026 0.144402 0.441325 0.21513 0.154841 
0.135726 0.268162 0.185192 0.159606 0.251313 
0.00435746 0.00964964 0.410893 0.32761 0.24749 
0.00851542 0.811588 0.0176448 0.140753 0.0214992 
0.051019 0.0177374 0.480966 0.349825 0.100453 
0.00852053 0.93899 0.0261351 0.0180832 0.00827117 
0.150443 0.0113872 0.118426 0.10892 0.610824 
0.0511355 0.0198815 0.100539 0.155274 0.67317 
0.00260786 0.992755 0.000620359 0.00151793 0.00249845 
0.0133148 0.742719 0.0312123 0.112521 0.100232 
0.0134685 0.0230951 0.196246 0.56032 0.206871 
0.0527449 0.464037 0.0983848 0.210521 0.174312 
0.0290776 0.0294442 0.0356895 0.713751 0.192038 
0.0690147 0.754153 0.0764346 0.0202647 0.0801333 
0.0790544 0.105965 0.123185 0.133763 0.558033 
0.0261688 0.552864 0.0486406 0.262906 0.109421 
2.21681e-05 0.0325254 0.021917 0.0338228 0.911713 
0.021143 0.0543708 0.204593 0.489516 0.230376 
0.0305335 0.752264 0.0477171 0.0522963 0.117189 
0.053381 0.114776 0.585646 0.122525 0.123673 
0.15424 0.0419334 0.643562 0.070971 0.0892938 
0.227538 0.0461261 0.0906961 0.42357 0.21207 
0.0406145 0.0540947 0.410438 0.376883 0.117969 
0.0358186 0.226066 0.240834 0.140098 0.357183 
0.427543 0.0504272 0.2844 0.0457871 0.191843 
0.0665854 0.00714621 0.860098 0.0549415 0.011229 
0.0286606 0.158733 0.090286 0.341029 0.381291 
0.0237868 0.0109347 0.170036 0.719653 0.0755895 
0.136992 0.196478 0.246359 0.0821499 0.338021 
0.153595 0.0778472 0.427927 0.162154 0.178477 
0.000949921 0.767286 0.0555539 0.0721492 0.104061 
0.229723 0.0549905 0.592024 0.086525 0.0367381 
0.0292121 0.0616663 0.381061 0.381624 0.146436 
0.0534801 0.0162357 0.163894 0.557197 0.209193 
0.0445604 0.497166 0.0669044 0.0799397 0.311429 
5.89974e-05 0.936206 0.00163817 0.0055567 0.0565399 
0.0130312 0.00800142 0.362846 0.390986 0.225136 
0.620246 0.010373 0.10298 0.0856547 0.180747 
0.315352 0.120581 0.378068 0.0742226 0.111777 
0.287397 0.0372003 0.0774057 0.437637 0.16036 
0.0256118 0.155303 0.122714 0.216612 0.479758 
0.0214025 0.0176359 0.0760835 0.0589001 0.825978 
0.0549045 0.0126814 0.463404 0.21779 0.251221 
0.0260294 0.000189318 0.0168709 0.00262768 0.954283 
0.00686255 0.300022 0.0325606 0.0430861 0.617468 
0.0482529 0.0765306 0.47796 0.116503 0.280754 
0.00456284 0.49752 0.185652 0.0652912 0.246973 
0.0992672 0.0299783 0.703622 0.122431 0.0447009 
0.12067 0.0371514 0.0948959 0.0506943 0.696588 
0.0624445 0.0720889 0.537774 0.0261412 0.301552 
0.0149814 0.345332 0.199316 0.128132 0.312239 
0.116668 0.027414 0.149235 0.0867068 0.619976 
8.54628e-05 0.964206 0.0035859 0.0100601 0.022062 
0.0622316 0.750031 0.0278913 0.0604742 0.0993719 
0.444939 0.101582 0.110257 0.121505 0.221717 
6.61728e-05 0.380161 0.0338025 0.157332 0.428638 
0.109363 0.147285 0.227651 0.353411 0.16229 
0.00349437 0.43927 0.0427926 0.132453 0.38199 
0.117678 0.0279688 0.181301 0.299028 0.374025 
0.405465 0.0518743 0.0586228 0.342367 0.141671 
0.00391693 0.945182 0.00320711 0.00271653 0.044977 
0.196595 0.0675562 0.284793 0.326905 0.12415 
0.0730677 0.0332256 0.153396 0.527161 0.21315 
0.0198216 0.153406 0.449406 0.200676 0.17669 
0.0462554 0.0128423 0.202474 0.0665784 0.67185 
0.000263413 0.989222 0.00132313 0.000617553 0.00857376 
0.13365 0.0209042 0.296703 0.383127 0.165616 
0.00562011 0.074778 0.0528625 0.67994 0.1868 
0.0783731 0.356924 0.174903 0.152267 0.237533 
0.0703767 0.0525691 0.269929 0.431708 0.175417 
0.000783481 0.743667 0.0956152 0.137352 0.0225828 
0.0911452 0.0323456 0.0781658 0.130945 0.667398 
0.0491574 0.144669 0.248806 0.205103 0.352265 
0.000492115 0.775257 0.00503704 0.121881 0.0973326 
0.573083 0.0659628 0.106795 0.0839947 0.170165 
0.67534 0.0730163 0.223039 0.0253408 0.00326349 
0.00173214 0.000150573 0.584797 0.370373 0.0429465 
0.442185 0.011409 0.190937 0.308283 0.0471854 
0.00275353 0.0098595 0.0845093 0.30229 0.600588 
0.146437 0.0180106 0.649672 0.0418387 0.144042 
0.185652 0.297662 0.106284 0.0496722 0.36073 
0.00332367 0.000283571 0.887275 0.0293534 0.0797646 
0.199603 0.198392 0.200522 0.200552 0.200932 
0.160432 0.025002 0.352608 0.118607 0.34335 
0.0560997 0.0493686 0.293753 0.294325 0.306454 
0.0596183 0.00488264 0.697206 0.138952 0.099341 
0.0622766 0.0639325 0.169019 0.480031 0.224741 
0.594951 0.0399622 0.147664 0.0352795 0.182143 
0.0155893 0.625575 0.0266096 0.0451282 0.287098 
0.108503 0.0480354 0.164523 0.304235 0.374703 
0.056101 0.355171 0.460291 0.064726 0.0637104 
0.720245 0.03914 0.0905483 0.0400064 0.11006 
0.0104046 0.0471991 0.081092 0.559434 0.30187 
0.184023 0.00407336 0.3441 0.107581 0.360222 
0.0250126 0.0122596 0.190689 0.107948 0.664091 
0.143211 0.0352711 0.0915819 0.561812 0.168124 
0.0518389 0.148445 0.121525 0.149174 0.529018 
0.0281439 0.0100229 0.176227 0.713882 0.071724 
0.468321 0.0451503 0.0945407 0.282392 0.109596 
0.224504 0.145007 0.225159 0.218812 0.186518 
0.0217073 0.000511521 0.284924 0.581801 0.111056 
0.0384281 0.469543 0.16664 0.181955 0.143433 
0.153634 0.0153631 0.585761 0.190715 0.0545271 
0.0814044 0.260911 0.0321013 0.0579819 0.567602 
0.0139222 0.827656 0.0102878 0.0908542 0.0572796 
0.0478404 0.723143 0.0468176 0.0903701 0.0918292 
0.0793827 0.0678642 0.131243 0.529163 0.192347 
0.0658126 0.0781386 0.367875 0.0915022 0.396672 
0.20961 0.0828245 0.44174 0.164873 0.100952 
0.0295256 0.357859 0.0562657 0.155786 0.400563 
0.199603 0.198392 0.200522 0.200552 0.200932 
0.00628906 0.005666 0.185716 0.654489 0.147841 
0.00952103 0.488894 0.0233313 0.0141004 0.464153 
0.0077685 0.813852 0.0866714 0.0586951 0.0330129 
7.53051e-05 0.968793 0.000820444 0.0193302 0.0109809 
0.0657758 0.151408 0.153464 0.400569 0.228783 
0.0159306 0.163267 0.118007 0.395234 0.307562 
0.0614255 0.00759026 0.511594 0.255074 0.164316 
0.0595751 0.0672025 0.375643 0.117901 0.379678 
0.0412335 0.40687 0.100968 0.127549 0.323379 
0.636888 0.142411 0.105678 0.0185372 0.0964862 
0.0583017 0.00622169 0.624355 0.187101 0.12402 
0.0113668 0.039156 0.474292 0.270869 0.204316 
7.50296e-05 0.148575 0.0338099 0.0237721 0.793768 
0.00917272 0.0235913 0.120013 0.758183 0.0890392 
0.0998143 0.0755001 0.17052 0.286443 0.367723 
0.0352409 0.0148449 0.372159 0.359356 0.218399 
0.293712 0.0209858 0.530681 0.0414304 0.11319 
0.100035 0.0283967 0.393661 0.29296 0.184947 
0.44472 0.0979854 0.00547654 0.127018 0.3248 
0.694214 0.0253737 0.130152 0.0362001 0.11406 
0.162215 0.0895353 0.303208 0.204831 0.240211 
0.0455299 0.0216456 0.8057 0.0554038 0.0717206 
0.0275851 0.0228172 0.150534 0.0820991 0.716965 
0.0500176 0.0454741 0.202191 0.230709 0.471608 
0.00578667 0.0210329 0.0420115 0.650834 0.280335 
0.0185457 0.0485392 0.0671957 0.460433 0.405287 
0.0205456 0.0260766 0.0375625 0.632202 0.283613 
0.145211 0.0746544 0.402994 0.23357 0.143571 
0.0373672 0.00176475 0.0307821 0.0270537 0.903032 
0.308944 0.249363 0.0941266 0.0678101 0.279757 
0.00428538 0.0960117 0.0203623 0.305315 0.574025 
0.0723658 0.106269 0.213875 0.11715 0.49034 
0.0219079 0.0311178 0.0528871 0.565938 0.328149 
0.0211086 0.188231 0.170257 0.294805 0.325598 
0.0703863 0.180825 0.156098 0.117194 0.475497 
0.146145 0.180901 0.0462741 0.354679 0.272001 
0.291674 0.01464 0.333953 0.0363095 0.323423 
0.14248 0.206037 0.185535 0.102716 0.363232 
0.0119902 0.797877 0.0530783 0.0647632 0.0722915 
0.0457443 0.00167415 0.424375 0.226017 0.302189 
0.0995303 0.058707 0.118954 0.261087 0.461721 
0.00583052 0.00950022 0.191803 0.463344 0.329523 
0.00186808 0.000723017 0.864441 0.11561 0.0173578 
0.169342 0.00385654 0.236268 0.0896089 0.500924 
0.00631416 0.676092 0.0165746 0.122882 0.178137 
0.01131 0.594778 0.0840854 0.164354 0.145472 
0.0233543 0.47698 0.0838234 0.141321 0.274521 
0.0850855 0.0111719 0.501673 0.345831 0.0562392 
0.0432744 0.4663 0.187735 0.147005 0.155686 
0.180167 0.216457 0.146246 0.158844 0.298285 
0.0658025 0.0815458 0.0737847 0.228061 0.550806 
0.05546 0.0328622 0.104367 0.111849 0.695462 
0.140193 0.0664151 0.120892 0.582091 0.0904081 
0.0619026 0.0146919 0.0766677 0.08047 0.766268 
0.379008 0.0242282 0.392291 0.0782022 0.126271 
0.305237 0.0337093 0.620098 0.00681527 0.034141 
0.197985 0.0220559 0.176597 0.422462 0.180901 
0.0858839 0.0550595 0.0997354 0.540563 0.218758 
0.0195057 0.334451 0.0625854 0.15969 0.423767 
0.0181252 0.064923 0.320983 0.594567 0.00140205 
0.226908 0.0282123 0.141727 0.198709 0.404444 
0.194907 0.0113672 0.340532 0.0985497 0.354645 
0.0240021 0.102098 0.108516 0.448867 0.316517 
0.118052 0.0815889 0.112066 0.132542 0.555751 
0.427408 0.0860512 0.0677532 0.186988 0.2318 
0.00857728 0.0276006 0.278209 0.338853 0.346761 
0.123076 0.0208801 0.257674 0.204099 0.394271 
0.0459719 0.109173 0.304963 0.363589 0.176303 
0.027613 0.0498422 0.397544 0.269933 0.255067 
0.0362585 0.0595804 0.550139 0.339707 0.0143159 
0.182982 0.0150299 0.0225619 0.101214 0.678212 
0.0896379 0.000556353 0.0443099 0.0162334 0.849262 
0.00922635 0.762863 0.042352 0.0474208 0.138138 
0.00499739 0.0874202 0.222934 0.367337 0.317311 
0.87395 0.012825 0.00610759 0.0946392 0.0124784 
0.000350501 0.0140452 0.457276 0.364567 0.163761 
0.222824 0.040762 0.0802142 0.0890683 0.567132 
0.709345 0.058002 0.0609766 0.0938648 0.0778114 
0.190626 0.0102106 0.120181 0.199036 0.479947 
0.10174 0.050519 0.333719 0.369381 0.144642 
0.169641 0.0186776 0.191025 0.117352 0.503305 
0.00386994 0.00518401 0.00401739 0.859006 0.127922 
0.00384796 1.30904e-05 0.991522 0.00385137 0.000765502 
0.019482 0.0911376 0.444666 0.105608 0.339107 
9.00378e-05 0.00067031 0.000203083 0.000176761 0.99886 
0.00499286 0.00146835 0.0178009 0.0444131 0.931325 
0.0368884 0.104814 0.0626526 0.194747 0.600899 
0.0605299 0.0170224 0.0977092 0.315337 0.509401 
0.695736 0.00505006 0.0406276 0.163499 0.095087 
0.0047163 0.00914912 0.0231086 0.02347 0.939556 
0.417799 0.0354919 0.0804145 0.0519822 0.414313 
0.0323925 0.617049 0.0354262 0.185386 0.129746 
0.0442137 0.0265685 0.797006 0.0266665 0.105545 
0.103977 0.0857541 0.130737 0.27612 0.403413 
0.012021 0.0684274 0.712793 0.134249 0.07251 
0.0935669 0.0593674 0.187734 0.493159 0.166172 
0.0228173 0.355911 0.0742522 0.0883397 0.45868 
0.019602 0.0460098 0.215995 0.232423 0.485971 
0.0355116 0.0218437 0.569985 0.133172 0.239488 
0.468662 0.00217803 0.167582 0.329712 0.0318658 
0.254994 0.0364773 0.0359617 0.324894 0.347673 
0.066021 0.0230547 0.0244554 0.466428 0.420041 
0.0245091 0.111987 0.309019 0.26549 0.288995 
0.0107395 0.683322 0.042012 0.0505626 0.213364 
0.286551 0.0329736 0.19823 0.308127 0.174118 
0.00490597 0.290502 0.108513 0.225997 0.370083 
0.0459141 0.00378971 0.167537 0.406636 0.376123 
0.0965017 0.451974 0.0931831 0.0260076 0.332333 
0.00167297 0.786128 0.0133464 0.0877241 0.111129 
0.138428 0.109459 0.267234 0.269412 0.215467 
0.02424 0.113895 0.465692 0.264804 0.131369 
0.0748973 0.145558 0.27334 0.341496 0.16471 
0.00104371 0.0206688 0.465375 0.19673 0.316183 
0.117295 0.00774975 0.168852 0.413083 0.29302 
0.566075 0.0116668 0.150737 0.10851 0.163011 
0.0840429 0.190649 0.0567005 0.220967 0.44764 
0.0903083 0.186113 0.347635 0.297661 0.078283 
0.0434985 0.00628671 0.142313 0.168138 0.639764 
0.262006 0.113192 0.237348 0.264022 0.123432 
0.171218 0.0618128 0.382659 0.130779 0.253531 
0.237916 0.106304 0.584005 0.000731029 0.0710444 
0.0648022 0.017415 0.0820285 0.153251 0.682503 
0.0531097 0.0327575 0.0421252 0.0447002 0.827307 
0.00728043 0.0283334 0.298431 0.341226 0.324729 
0.0131355 0.0252083 0.043331 0.0350551 0.88327 
0.0447289 0.060023 0.188309 0.333638 0.373302 
0.219137 0.23034 0.271669 0.123636 0.155219 
0.0377036 0.0142689 0.224245 0.4628 0.260982 
0.125966 0.0153113 0.673295 0.102781 0.0826467 
0.129048 0.0734608 0.110619 0.0679621 0.618911 
0.0989003 0.00874988 0.161799 0.611384 0.119167 
0.0593471 0.0436368 0.0692495 0.0855076 0.742259 
0.225401 0.0109095 0.244164 0.305302 0.214224 
0.0297301 0.0589205 0.112821 0.466257 0.332272 
0.054486 0.0892516 0.0877077 0.164819 0.603736 
0.0561245 0.0774767 0.653505 0.0791626 0.133731 
0.0152778 0.0514768 0.558922 0.196806 0.177518 
0.0128843 0.00836823 0.16487 0.478607 0.33527 
0.104823 0.0175032 0.25293 0.378159 0.246585 
0.0264008 0.0702226 0.168645 0.46779 0.266941 
0.0719125 0.0584561 0.436712 0.0981884 0.334731 
0.18182 0.0198904 0.159859 0.291484 0.346946 
0.244402 0.00319564 0.0963432 0.0840939 0.571965 
0.0193068 0.0722239 0.0473205 0.789158 0.0719905 
0.112175 0.038376 0.677796 0.0350518 0.136601 
0.0321641 0.0819273 0.5076 0.186783 0.191525 
0.00143128 0.0249784 0.0545756 0.0590244 0.85999 
0.0770872 0.0738706 0.0191363 0.0523448 0.777561 
0.0324535 0.0540761 0.114283 0.187263 0.611924 
0.0773037 0.0866749 0.0834194 0.148943 0.603659 
0.250935 0.250274 0.267096 0.168727 0.0629673 
0.234287 0.28129 0.210551 0.0987631 0.175109 
0.390087 0.0448503 0.446003 0.034536 0.0845235 
0.0689591 0.0576798 0.0604157 0.0985666 0.714379 
0.300922 0.025826 0.183038 0.28441 0.205804 
0.0602063 0.0536925 0.250008 0.310648 0.325445 
0.0217117 0.0400576 0.0221619 0.0317258 0.884343 
0.0109535 0.0164889 0.0147488 0.0373089 0.9205 
0.0385654 0.016199 0.0265515 0.086207 0.832477 
0.0257466 0.0507352 0.149847 0.509198 0.264473 
0.552527 0.016208 0.0852004 0.168782 0.177282 
0.283679 0.0219189 0.144213 0.465025 0.0851645 
0.0478494 0.0171396 0.650211 0.135282 0.149518 
0.575826 0.0193452 0.121983 0.176414 0.106432 
0.151262 0.0452929 0.103207 0.139851 0.560386 
0.566071 0.0301405 0.213988 0.0341569 0.155644 
0.222243 0.0364903 0.24124 0.0836653 0.416362 
0.00463358 0.0421956 0.0383637 0.220186 0.694621 
0.0110623 0.0176239 0.000232344 0.0102354 0.960846 
0.0282235 0.0337876 0.541321 0.299279 0.0973885 
0.269488 0.0698157 0.138803 0.181842 0.340051 
0.27837 0.0243355 0.0712041 0.273732 0.352359 
0.0140047 0.176987 0.341691 0.327383 0.139935 
0.0314396 0.00845357 0.348315 0.243018 0.368774 
0.0837638 0.0817543 0.160163 0.449281 0.225038 
0.0267126 0.141669 0.400395 0.209985 0.221239 
0.0238419 0.137914 0.200746 0.195729 0.441769 
0.0937984 0.02359 0.56664 0.0986313 0.21734 
0.0972528 0.0872257 0.0159539 0.161931 0.637636 
0.266936 0.0479274 0.306851 0.156888 0.221398 
0.0703866 0.0354584 0.344965 0.327583 0.221606 
0.126061 0.0264036 0.104352 0.12595 0.617233 
0.385866 0.0293225 0.206794 0.0918558 0.286162 
0.00014709 0.183533 0.160925 0.394915 0.26048 
